10 520 12 810 52 67
18 7505 16 4678 416 292
16 2865 17 4239 179 249
17 6183 14 4844 363 346
43 18232 49 21558 424 439
4 278 11 1465 69 133
2 278 2 135 139 67
0 0 0 0 0 0
0 0 0 0 0 0
0 0 0 0 0 0
8 1650 7 1081 206 154
16 1784 22 11990 111 545
34 8410 40 24725 247 618
241 33131 298 548728 137 1841
47 5147 177 186598 109 1054
15 8712 12 4469 580 372
9 512 12 1583 56 131
14 6661 14 5411 475 386
0 0 0 0 0 0
0 0 0 0 0 0
4 658 3 163 164 54
128 149444 36 5604 1167 155
0 0 1 54 0 54
0 0 0 0 0 0
0 0 0 0 0 0
160 154965 59 90785 968 1538
38 7323 46 12131 192 263
49 9804 62 22248 200 358
13 5497 11 2059 422 187
88 22495 115 189470 255 1647
288 43299 386 740896 150 1919
99 32809 109 91971 331 843
86 18975 109 86078 220 789
131 28133 161 147389 214 915
61 6065 101 96361 99 954
138 89770 176 102763 650 583
199 123640 241 153824 621 638
161 141858 174 55066 881 316
154 168120 154 13332 1091 86
190 205033 191 16525 1079 86
225 250325 223 19191 1112 86
278 304578 282 24164 1095 85
37 29986 53 4417 810 83
10 836 10 848 83 84
0 0 0 0 0 0
5 403 4 359 80 89
4 1126 4 288 281 72
9 731 10 596 81 59
9 683 9 663 75 73
8 1078 10 744 134 74
1 52 1 52 52 52
7 754 6 463 107 77
6 453 8 656 75 82
4 509 5 553 127 110
12 1207 16 1327 100 82
7 572 10 736 81 73
7 400 8 644 57 80
12 1136 12 903 94 75
3 511 3 188 170 62
9 872 9 580 96 64
18 2520 15 1637 140 109
12 1496 16 5727 124 357
8 1261 7 941 157 134
6 455 7 515 75 73
1 88 2 136 88 68
6 1043 7 516 173 73
8 683 11 807 85 73
7 1260 11 788 180 71
0 0 0 0 0 0
11 715 10 887 65 88
3 755 4 288 251 72
7 560 5 356 80 71
8 631 9 683 78 75
5 1047 6 641 209 106
1 64 1 301 64 301
10 979 9 731 97 81
2 140 5 292 70 58
5 465 6 394 93 65
12 1083 16 1095 90 68
0 0 0 0 0 0
12 732 12 688 61 57
12 1014 16 1291 84 80
3 508 2 104 169 52
5 664 5 372 132 74
9 683 9 683 75 75
8 730 9 571 91 63
3 584 2 184 194 92
6 692 6 463 115 77
3 350 2 147 116 73
7 944 9 684 134 76
6 538 11 827 89 75
3 469 1 52 156 52
7 1066 7 921 152 131
7 796 8 599 113 74
14 1453 14 1313 103 93
39 6930 40 10154 177 253
28 4236 21 11187 151 532
8 1261 12 962 157 80
1 88 2 136 88 68
5 647 5 459 129 91
1 88 2 136 88 68
7 640 11 820 91 74
10 1178 17 1297 117 76
2 181 2 144 90 72
5 332 6 376 66 62
8 1119 10 831 139 83
2 423 1 52 211 52
13 1005 17 1238 77 72
14 1118 20 1457 79 72
12 1031 14 744 85 53
3 472 4 280 157 70
3 263 4 367 87 91
4 288 4 280 72 70
6 744 10 736 124 73
8 892 11 1044 111 94
0 0 0 0 0 0
3 472 4 320 157 80
4 407 5 411 101 82
6 1024 6 384 170 64
6 588 11 820 98 74
11 715 12 991 65 82
5 794 5 340 158 68
7 929 6 809 132 134
10 663 9 619 66 68
9 892 10 728 99 72
34 6074 34 7054 178 207
8 1158 11 802 144 72
4 684 3 156 171 52
2 176 3 220 88 73
7 831 9 739 118 82
4 635 6 408 158 68
2 228 4 240 114 60
14 1431 16 1359 102 84
5 586 4 272 117 68
2 357 2 353 178 176
5 647 5 459 129 91
7 508 5 388 72 77
7 770 9 540 110 60
4 318 7 555 79 79
3 225 3 188 75 62
4 524 4 320 131 80
2 178 4 327 89 81
9 1060 12 840 117 70
6 752 9 612 125 68
11 1022 13 1240 92 95
10 1090 11 900 109 81
0 0 0 0 0 0
5 460 5 411 92 82
13 1179 13 927 90 71
5 296 3 188 59 62
5 416 6 478 83 79
3 472 4 320 157 80
6 877 5 757 146 151
10 1105 12 927 110 77
6 968 8 761 161 95
8 584 7 436 73 62
8 1322 12 871 165 72
5 1075 5 324 215 64
7 364 8 632 52 79
7 894 5 446 127 89
7 505 8 597 72 74
3 332 4 280 110 70
7 614 9 698 87 77
4 321 4 280 80 70
2 280 2 176 140 88
5 554 8 647 110 80
5 728 7 468 145 66
6 855 8 560 142 70
8 526 9 574 65 63
4 671 5 377 167 75
5 400 5 300 80 60
17 1111 15 1247 65 83
12 1012 11 708 84 64
1 52 4 248 52 62
7 875 6 720 125 120
3 365 5 372 121 74
2 184 2 176 92 88
8 861 12 879 107 73
4 739 6 416 184 69
1 140 2 104 140 52
17 2029 12 1517 119 126
23 5674 25 5134 246 205
10 1283 8 962 128 120
7 730 12 959 104 79
11 677 12 904 61 75
1 192 2 144 192 72
10 850 10 783 85 78
4 1073 5 260 268 52
5 576 4 280 115 70
7 546 10 775 78 77
22 7632 22 5376 346 244
16 1891 28 19703 118 703
1 89 1 89 89 89
6 849 8 602 141 75
3 549 2 144 183 72
10 870 16 1448 87 90
7 749 10 696 107 69
7 455 7 548 65 78
6 595 6 503 99 83
1 192 1 92 192 92
6 384 6 719 64 119
15 2272 15 2787 151 185
8 989 9 665 123 73
1 141 1 52 141 52
7 790 10 783 112 78
3 480 3 188 160 62
2 392 0 0 196 0
12 1342 16 1239 111 77
4 439 5 335 109 67
8 704 7 620 88 88
7 650 8 639 92 79
2 137 2 143 68 71
14 1692 11 1180 120 107
27 3682 29 3060 136 105
4 737 4 280 184 70
5 742 4 497 148 124
7 597 11 1653 85 150
12 1999 10 693 166 69
4 464 5 404 116 80
8 634 14 975 79 69
6 625 6 391 104 65
1 88 2 176 88 88
12 1045 13 1137 87 87
3 332 3 268 110 89
6 420 7 460 70 65
8 735 8 639 91 79
10 1589 11 2300 158 209
84 61575 84 7222 733 85
116 57723 118 10456 497 88
102 44035 104 9407 431 90
103 45767 114 10098 444 88
107 48055 108 9631 449 89
100 41358 107 9486 413 88
82 36659 86 7712 447 89
69 31102 71 6519 450 91
122 57602 123 11256 472 91
139 78017 142 12472 561 87
122 67369 124 11055 552 89
143 78339 142 12539 547 88
141 75497 149 13100 535 87
139 74349 145 12835 534 88
120 69970 124 10907 583 87
135 76709 139 12655 568 91
145 84046 148 13056 579 88
132 77884 137 12178 590 88
84 40706 91 8549 484 93
92 47129 95 8499 512 89
116 56056 126 11127 483 88
109 46283 106 9484 424 89
93 46973 95 8631 505 90
120 59563 122 10805 496 88
111 63307 114 10113 570 88
130 62274 137 12245 479 89
135 67337 138 12098 498 87
120 62332 122 10833 519 88
114 55801 117 10644 489 90
118 57826 125 11120 490 88
113 56170 112 9984 497 89
111 58256 124 11014 524 88
102 58692 96 8589 575 89
141 64872 155 13543 460 87
132 67553 137 12256 511 89
134 68495 137 12016 511 87
130 65695 134 11775 505 87
125 60433 128 11328 483 88
128 67951 131 11546 530 88
129 63568 129 11387 492 88
141 71008 141 12508 503 88
130 65361 141 12496 502 88
144 74622 149 12993 518 87
144 73134 153 13443 507 87
147 76423 149 13107 519 87
138 66649 141 12845 482 91
140 67771 148 13110 484 88
147 74210 149 12993 504 87
144 70493 144 12886 489 89
137 69551 139 12269 507 88
142 76379 146 12811 537 87
147 78193 152 13394 531 88
137 78169 146 12893 570 88
111 73316 111 9890 660 89
138 82946 143 12669 601 88
142 83170 149 13218 585 88
141 86513 146 12881 613 88
142 83915 148 13048 590 88
112 49953 117 10392 446 88
124 53938 125 11138 434 89
117 55015 123 10996 470 89
95 38683 100 8976 407 89
97 42369 97 8886 436 91
89 34079 92 8242 382 89
91 30784 102 9042 338 88
100 43070 98 8760 430 89
94 42252 105 9394 449 89
70 35167 77 7060 502 91
94 64574 95 8693 686 91
134 84873 137 12150 633 88
149 91846 152 13281 616 87
141 89183 142 12560 632 88
136 69971 140 12454 514 88
148 83930 155 13701 567 88
147 89666 147 12991 609 88
151 91437 150 13548 605 90
144 85361 153 13483 592 88
124 69545 127 11260 560 88
110 45450 114 12564 413 110
91 34719 100 9053 381 90
85 31180 89 8042 366 90
84 26231 93 8241 312 88
91 30238 98 8711 332 88
85 31247 89 8068 367 90
76 21032 82 7473 276 91
90 29341 93 8404 326 90
140 81336 142 12579 580 88
156 100475 159 13978 644 87
151 88349 148 13029 585 88
139 85398 146 13129 614 89
138 80240 140 12395 581 88
139 76622 150 13344 551 88
127 59393 131 11517 467 87
73 26776 79 7136 366 90
75 36855 82 7461 491 90
97 42259 98 8826 435 90
85 30780 90 8013 362 89
95 31961 104 9401 336 90
125 63955 127 11222 511 88
112 48535 118 10498 433 88
99 41411 101 9045 418 89
104 46223 106 9514 444 89
118 55935 120 10637 474 88
117 56690 122 10780 484 88
110 52095 114 10165 473 89
166 110566 170 15309 666 90
158 105039 157 13829 664 88
137 81222 144 12737 592 88
151 88377 152 13355 585 87
136 65926 141 12695 484 90
149 80171 152 13342 538 87
121 57335 127 11177 473 88
131 65563 137 12133 500 88
152 90901 147 13037 598 88
145 84944 154 13512 585 87
149 91804 151 13285 616 87
146 91784 151 13277 628 87
148 87451 153 13571 590 88
84 38308 95 8638 456 90
87 35695 87 7950 410 91
103 44245 110 9686 429 88
98 39231 103 9209 400 89
114 53633 118 10604 470 89
90 31905 95 8395 354 88
95 41824 102 9186 440 90
97 40167 100 8856 414 88
109 44820 111 9876 411 88
117 54579 122 10853 466 88
138 81293 137 12160 589 88
120 60938 126 11322 507 89
144 82275 151 13350 571 88
128 67802 124 10980 529 88
134 72330 140 12361 539 88
141 77232 145 12779 547 88
130 68873 133 11735 529 88
126 62470 135 12367 495 91
113 51888 115 10310 459 89
126 73625 133 11772 584 88
157 93690 157 14397 596 91
140 84001 145 12816 600 88
126 62344 130 11439 494 87
96 46148 94 8453 480 89
114 55654 124 11106 488 89
95 40287 102 9064 424 88
93 36121 97 8720 388 89
67 29718 76 6917 443 91
118 58291 119 10542 493 88
128 67155 132 11691 524 88
125 63397 130 11535 507 88
111 47239 113 10234 425 90
112 51354 116 10435 458 89
146 82181 143 12632 562 88
137 75059 146 12839 547 87
105 47719 106 9544 454 90
124 59400 129 11387 479 88
122 60471 132 11695 495 88
117 57480 119 10545 491 88
136 70986 143 12611 521 88
131 65808 134 11825 502 88
95 39546 101 9017 416 89
121 56067 127 11245 463 88
130 64220 132 11717 494 88
109 50342 111 9969 461 89
112 48947 111 9939 437 89
138 73023 138 12118 529 87
99 51163 111 10369 516 93
105 52563 104 9362 500 90
105 50419 112 9981 480 89
120 57753 121 10626 481 87
119 57562 125 11332 483 90
144 74874 149 13203 519 88
132 69961 137 12087 530 88
110 50424 111 9945 458 89
125 59234 129 11400 473 88
120 54086 123 10943 450 88
104 46753 106 9452 449 89
108 46407 112 9987 429 89
95 45818 99 8888 482 89
98 45393 101 9100 463 90
113 49790 116 10367 440 89
123 63130 123 10918 513 88
128 62668 134 11881 489 88
114 51558 116 10268 452 88
99 46234 105 9317 467 88
104 48147 111 9997 462 90
122 65114 129 11428 533 88
102 46909 109 9701 459 89
120 47354 113 9979 394 88
117 53363 108 9534 456 88
112 54736 115 10500 488 91
147 84863 163 14411 577 88
148 95327 149 13058 644 87
146 91830 152 13355 628 87
144 76521 152 13794 531 90
124 58384 129 15974 470 123
139 78572 144 13215 565 91
130 64734 133 11747 497 88
99 51630 105 9381 521 89
73 41249 80 7296 565 91
120 56484 127 11189 470 88
135 68637 134 11842 508 88
122 61906 126 11173 507 88
104 50540 107 9546 485 89
119 61016 126 11286 512 89
151 88818 151 13297 588 88
158 92335 165 14255 584 86
148 93696 154 13417 633 87
125 68322 131 11736 546 89
113 54295 121 10814 480 89
120 58243 122 11114 485 91
108 46406 114 10099 429 88
116 55199 129 11393 475 88
102 51303 106 9466 502 89
113 51874 117 10426 459 89
93 38541 94 8478 414 90
121 59772 127 11362 493 89
115 52695 119 10590 458 88
108 45898 110 10040 424 91
131 69745 132 11650 532 88
120 60419 125 11088 503 88
125 63639 131 11660 509 89
116 53210 123 10841 458 88
118 57953 119 10584 491 88
114 51747 121 10668 453 88
122 57310 128 11499 469 89
121 57122 122 11326 472 92
160 111692 160 14058 698 87
157 96815 163 14250 616 87
141 82587 151 13403 585 88
153 91668 155 13625 599 87
145 80751 144 12829 556 89
128 65031 135 11969 508 88
114 52711 117 10401 462 88
120 59896 124 11107 499 89
114 56198 116 10468 492 90
142 76228 148 13001 536 87
138 83565 145 12682 605 87
144 92117 144 12809 639 88
156 88296 163 14444 566 88
144 84308 147 12951 585 88
131 64319 135 11811 490 87
131 69287 136 12003 528 88
126 63010 128 11415 500 89
134 73305 139 12389 547 89
111 52311 121 10627 471 87
118 54313 116 10362 460 89
106 52425 113 10074 494 89
120 58201 123 10864 485 88
123 68031 126 11214 553 89
144 83498 155 13894 579 89
136 67757 138 12396 498 89
130 67888 136 12048 522 88
120 63683 122 10794 530 88
116 51337 118 10483 442 88
126 68628 133 11774 544 88
143 80896 141 12840 565 91
142 74202 148 13147 522 88
126 71388 131 11625 566 88
138 65601 144 13109 475 91
135 69960 143 12474 518 87
135 72430 136 11983 536 88
116 58188 118 10536 501 89
127 64790 139 12336 510 88
127 63371 126 11205 498 88
155 85814 162 14305 553 88
133 70074 137 12158 526 88
117 54780 115 10205 468 88
120 55515 124 10975 462 88
131 64638 132 11662 493 88
111 57014 115 10297 513 89
134 64462 137 12460 481 90
111 52949 117 10426 477 89
109 50717 115 10177 465 88
107 53813 111 9902 502 89
121 59225 125 11180 489 89
144 85705 147 12992 595 88
131 66927 132 11650 510 88
148 66120 151 13398 446 88
148 85635 147 12997 578 88
126 67316 133 11795 534 88
132 66638 137 12107 504 88
108 50705 114 10124 469 88
122 58773 125 11106 481 88
168 104877 173 15147 624 87
124 67244 128 11375 542 88
155 87820 155 14081 566 90
136 74001 144 12660 544 87
150 91472 152 13414 609 88
152 94146 156 13815 619 88
141 71509 150 13143 507 87
121 59791 123 11102 494 90
128 60899 130 11517 475 88
65 34669 72 6596 533 91
74 38869 74 6813 525 92
86 47022 91 8218 546 90
96 49894 107 9469 519 88
128 66947 122 10872 523 89
129 70280 138 12154 544 88
117 54604 121 10839 466 89
99 41835 100 9036 422 90
120 53667 127 11170 447 87
112 49809 120 10589 444 88
118 55026 118 10659 466 90
135 72158 133 11736 534 88
132 67753 138 12179 513 88
105 55311 111 9884 526 89
127 62602 125 11132 492 89
126 60423 136 12054 479 88
126 68371 128 11336 542 88
127 65926 130 11553 519 88
113 51882 118 10727 459 90
133 69076 133 11741 519 88
148 90021 159 13866 608 87
134 69166 135 11921 516 88
127 67204 134 11926 529 89
124 57759 126 11623 465 92
123 57671 128 11288 468 88
118 58300 119 10657 494 89
128 68064 131 11663 531 89
138 75028 125 11068 543 88
152 92000 172 15167 605 88
148 83465 144 12696 563 88
131 67156 140 12323 512 88
140 75794 136 11990 541 88
139 82946 148 13040 596 88
84 47377 97 8727 564 89
97 53527 100 9029 551 90
118 61126 122 10906 518 89
127 55108 129 11410 433 88
118 53694 122 10952 455 89
134 65658 135 12127 489 89
141 78542 144 12801 557 88
131 76308 135 11994 582 88
148 79022 148 13173 533 89
128 65802 138 12072 514 87
91 52130 99 8912 572 90
140 77648 139 12255 554 88
134 72370 138 12307 540 89
140 82127 145 12866 586 88
142 81085 140 12270 571 87
147 84075 147 12913 571 87
142 78806 143 12621 554 88
124 63041 125 11125 508 89
146 76525 151 13323 524 88
130 68008 134 11892 523 88
116 53909 119 10970 464 92
105 44497 109 9748 423 89
112 49482 115 10395 441 90
122 57703 126 11072 472 87
122 60629 128 11370 496 88
127 63298 130 11657 498 89
113 55799 123 10965 493 89
128 65280 130 11543 510 88
119 57354 127 11269 481 88
125 62744 126 11173 501 88
110 49283 114 10140 448 88
130 59122 126 11354 454 90
95 41725 103 9225 439 89
57 27341 64 5916 479 92
124 62492 126 11120 503 88
119 60646 128 11243 509 87
123 62627 129 11513 509 89
130 61493 129 11578 473 89
100 50981 105 9422 509 89
124 64672 128 11395 521 89
128 62870 133 11749 491 88
119 53770 124 11014 451 88
119 55940 122 10835 470 88
120 57207 127 11190 476 88
109 51775 110 9840 475 89
128 63913 132 11775 499 89
131 67854 134 12044 517 89
125 64163 130 11373 513 87
136 70136 146 12921 515 88
122 59262 125 11014 485 88
138 63288 140 15342 458 109
152 63482 153 19949 417 130
121 63550 122 12894 525 105
151 63728 176 41457 422 235
135 61893 137 12073 458 88
110 51592 110 9751 469 88
124 74739 128 11415 602 89
147 94424 148 13205 642 89
146 89403 150 13218 612 88
152 89218 159 14186 586 89
150 79356 162 25692 529 158
129 78666 138 12836 609 93
133 81447 128 11226 612 87
147 84249 154 13795 573 89
142 83244 142 12546 586 88
149 89201 158 13759 598 87
144 85918 142 12703 596 89
157 90331 167 15262 575 91
148 90526 146 12872 611 88
149 96209 153 13529 645 88
151 90670 150 13105 600 87
151 92122 158 14018 610 88
150 93270 148 13136 621 88
142 89703 148 12941 631 87
151 94746 152 13494 627 88
152 90791 151 13210 597 87
137 76447 150 13169 558 87
126 56661 127 11179 449 88
151 66876 156 27122 442 173
118 55332 126 13220 468 104
136 64610 133 12185 475 91
145 86819 151 13417 598 88
116 53538 119 10591 461 89
130 66033 131 11565 507 88
141 82887 149 13150 587 88
129 69843 130 11425 541 87
143 88460 147 13273 618 90
141 81232 145 12880 576 88
148 90978 152 13323 614 87
82 35305 91 8025 430 88
57 18688 59 5264 327 89
56 19666 57 5034 351 88
59 19469 60 5406 329 90
54 13561 59 5198 251 88
55 13137 54 4735 238 87
113 52831 116 10215 467 88
70 27233 76 6789 389 89
56 18235 56 4909 325 87
56 16522 58 5119 295 88
60 19165 67 5914 319 88
55 16197 57 4993 294 87
56 15480 58 5238 276 90
55 15641 59 5218 284 88
54 13154 56 5026 243 89
57 18348 62 5438 321 87
40 9331 48 4267 233 88
36 8431 35 3406 234 97
62 18292 62 5365 295 86
58 19107 60 5269 329 87
57 19103 59 5284 335 89
65 16191 69 6761 249 97
30 6768 38 3406 225 89
56 17629 56 5021 314 89
42 11625 47 4144 276 88
18 3276 19 1884 182 99
57 16344 60 5261 286 87
58 17149 64 5712 295 89
59 16887 62 5452 286 87
64 18284 64 5647 285 88
52 13890 53 4628 267 87
58 16138 62 5590 278 90
50 11128 50 4399 222 87
57 15611 59 5209 273 88
45 10072 47 4137 223 88
57 15680 60 5222 275 87
57 17392 60 5375 305 89
58 15786 62 5694 272 91
57 18421 61 5346 323 87
55 17581 57 5114 319 89
46 10471 54 4732 227 87
57 18277 57 5073 320 89
62 19579 66 5751 315 87
61 19367 62 5405 317 87
57 16766 60 5335 294 88
44 13308 45 4046 302 89
60 18993 63 5497 316 87
58 17804 59 5181 306 87
32 7654 35 3171 239 90
48 13677 53 4803 284 90
40 8982 46 4067 224 88
31 8148 30 3058 262 101
55 14750 61 5510 268 90
53 18137 54 4806 342 89
54 15177 56 4883 281 87
66 18437 68 5979 279 87
58 18046 58 5118 311 88
44 11244 47 4399 255 93
58 17716 60 5341 305 89
55 17969 55 4937 326 89
45 11036 49 4327 245 88
46 13610 50 4409 295 88
56 17813 60 5263 318 87
57 19314 57 5073 338 89
57 15692 59 5217 275 88
57 19196 60 5302 336 88
59 18890 63 5370 320 85
44 8468 51 4574 192 89
59 18635 59 5210 315 88
53 18081 55 4891 341 88
56 18793 60 5309 335 88
36 7881 39 3436 218 88
48 14493 47 4216 301 89
52 14983 55 4963 288 90
48 13906 53 4693 289 88
53 19000 54 4813 358 89
60 19133 61 5288 318 86
48 14699 18 1578 306 87
47 16743 82 7717 356 94
58 26187 123 10633 451 86
40 6853 53 4551 171 85
48 11978 49 4732 249 96
61 18615 64 5686 305 88
57 18126 58 5119 318 88
57 16829 57 5074 295 89
57 15115 65 5672 265 87
48 15563 49 4432 324 90
54 18700 58 5127 346 88
57 19282 63 5497 338 87
57 19497 60 5262 342 87
55 19307 58 5046 351 87
58 17910 63 5642 308 89
56 18575 57 5002 331 87
63 18125 63 5521 287 87
60 18231 61 5360 303 87
56 18373 57 5034 328 88
54 18914 58 5152 350 88
60 16482 64 5588 274 87
61 19284 61 5564 316 91
59 20107 61 5314 340 87
52 12216 58 5072 234 87
51 13630 53 4832 267 91
36 8569 40 3464 238 86
45 9679 52 4809 215 92
57 18714 60 5262 328 87
57 16504 62 5543 289 89
67 19395 67 5848 289 87
57 15617 56 4960 273 88
54 18616 57 5107 344 89
63 18632 64 5627 295 87
56 16281 59 5276 290 89
63 18262 64 6000 289 93
48 12298 52 4589 256 88
27 7335 30 2785 271 92
58 17694 60 5230 305 87
48 12817 56 4940 267 88
50 13273 53 4602 265 86
54 18280 57 5066 338 88
60 18384 64 5903 306 92
60 15153 61 5426 252 88
55 16140 57 5066 293 88
58 16137 63 5542 278 87
53 17078 49 4386 322 89
56 19033 59 5204 339 88
57 18639 61 5466 327 89
50 14354 51 4549 287 89
59 20584 61 5283 348 86
61 18970 69 5880 310 85
56 18954 58 5151 338 88
56 18944 60 5230 338 87
58 19109 60 5302 329 88
46 11971 49 4406 260 89
14 2643 16 1549 188 96
21 3282 24 2200 156 91
60 18004 60 5261 300 87
53 18509 56 4983 349 88
57 16489 61 5361 289 87
55 17932 59 5315 326 90
57 16868 59 5344 295 90
59 19123 65 5641 324 86
58 18223 59 5210 314 88
63 18172 66 6628 288 100
54 13216 56 4876 244 87
54 15461 57 5172 286 90
66 15540 66 5862 235 88
64 17469 63 5569 272 88
59 18751 62 5318 317 85
55 17618 56 5055 320 90
58 18812 58 5212 324 89
56 18622 59 5171 332 87
61 17724 64 5542 290 86
42 10039 47 4241 239 90
59 18540 59 5210 314 88
71 23215 72 10517 326 146
55 17294 58 5165 314 89
58 17653 62 5406 304 87
61 19551 65 5659 320 87
62 19390 66 5797 312 87
60 19326 60 5295 322 88
49 14224 51 4707 290 92
56 18881 60 5309 337 88
56 16949 59 5243 302 88
58 14646 60 5127 252 85
55 18978 57 5088 345 89
56 18710 59 5171 334 87
53 18899 55 4857 356 88
56 14782 60 5355 263 89
51 14333 52 4551 281 87
58 18562 59 5242 320 88
40 10502 41 3670 262 89
67 17585 72 6315 262 87
28 5723 29 3041 204 104
67 19338 67 6831 288 101
57 16244 61 5411 284 88
63 19764 67 5690 313 84
57 19353 57 5081 339 89
48 12428 52 4615 258 88
54 18416 55 4937 341 89
58 19431 58 5126 335 88
51 12356 60 5429 242 90
54 17404 57 5034 322 88
56 17344 57 5141 309 90
36 8973 39 3523 249 90
62 18969 63 5594 305 88
43 10438 48 4243 242 88
18 2868 20 1926 159 96
25 5639 28 2430 225 86
30 6326 33 3063 210 92
29 7017 31 2774 241 89
37 9467 44 3836 255 87
58 17736 59 5209 305 88
58 18087 62 5476 311 88
53 14282 54 4818 269 89
57 17403 59 5212 305 88
56 19354 58 5091 345 87
60 19120 63 5562 318 88
60 18909 63 5557 315 88
57 17117 59 5175 300 87
46 11574 49 4262 251 86
20 4362 19 2081 218 109
60 18026 65 5744 300 88
60 18529 62 5799 308 93
55 14589 56 4989 265 89
59 17925 64 5579 303 87
56 19079 58 5158 340 88
54 15484 55 4964 286 90
56 19214 62 5411 343 87
53 18607 57 5026 351 88
62 16930 67 5949 273 88
56 15990 57 5051 285 88
49 14125 52 4609 288 88
56 19126 56 4991 341 89
62 16631 67 5833 268 87
50 12602 52 4641 252 89
55 18056 57 5096 328 89
50 13124 55 4835 262 87
49 13940 51 4530 284 88
54 16868 57 5061 312 88
58 17755 61 5311 306 87
46 11886 47 4408 258 93
40 9150 44 3844 228 87
55 12863 56 4984 233 89
44 11761 44 3902 267 88
25 4926 30 2762 197 92
53 13318 55 4818 251 87
49 16035 49 4427 327 90
55 16295 60 5299 296 88
62 19547 63 5583 315 88
55 19596 60 5222 356 87
58 18650 60 5281 321 88
45 10475 47 4200 232 89
51 13221 55 5333 259 96
58 18638 61 5391 321 88
57 16189 61 5324 284 87
66 18809 65 5609 284 86
59 16907 62 5470 286 88
48 14005 50 4387 291 87
56 19630 57 5106 350 89
56 19491 57 5072 348 88
59 19436 59 5429 329 92
61 17386 66 5710 285 86
56 15018 59 5280 268 89
56 19067 56 5031 340 89
56 19072 58 5093 340 87
56 16789 60 5299 299 88
60 17916 64 5657 298 88
59 20014 64 5462 339 85
60 18718 61 5423 311 88
60 18403 63 5697 306 90
55 16003 59 5243 290 88
62 19314 60 5225 311 87
59 18926 61 5396 320 88
54 18547 60 5215 343 86
48 13725 50 4542 285 90
59 17199 61 5429 291 89
54 16872 58 5078 312 87
18 3125 24 2174 173 90
53 16325 55 4893 308 88
55 18406 60 5182 334 86
76 20132 73 7081 264 97
61 20061 64 10287 328 160
71 22304 73 9261 314 126
62 19439 63 5448 313 86
41 9790 45 3989 238 88
25 5910 26 2332 236 89
58 17987 58 5163 310 89
48 12402 50 4521 258 90
46 11812 51 4510 256 88
60 17411 63 5486 290 87
52 14445 54 4834 277 89
39 10262 46 4033 263 87
52 15766 53 4730 303 89
56 13815 56 4983 246 88
58 17669 60 5334 304 88
61 19014 63 5512 311 87
60 18719 62 5448 311 87
53 17733 55 4858 334 88
34 8532 34 3143 250 92
45 11236 52 4630 249 89
20 3273 27 2567 163 95
58 17285 60 5337 298 88
30 5681 35 3140 189 89
14 2930 17 1594 209 93
54 14686 57 5051 271 88
60 17853 63 5533 297 87
62 18512 64 5686 298 88
45 9769 48 4206 217 87
52 14357 51 4481 276 87
55 14840 56 5055 269 90
55 18629 57 5078 338 89
52 12972 55 4878 249 88
50 10237 55 5236 204 95
14 2572 19 1767 183 93
33 8862 34 3062 268 90
56 17233 60 5335 307 88
58 16014 59 5246 276 88
61 18770 66 5689 307 86
38 9715 44 3869 255 87
63 19146 65 5768 303 88
62 19805 63 5605 319 88
52 18139 55 5107 348 92
55 17096 57 5071 310 88
30 6036 36 3164 201 87
44 12128 47 4262 275 90
55 15239 57 5084 277 89
44 12264 46 4140 278 90
57 17636 60 5190 309 86
60 19222 64 5572 320 87
56 18986 61 5388 339 88
54 17279 58 5159 319 88
56 18614 57 5078 332 89
70 19330 72 6169 276 85
55 18905 56 5062 343 90
56 18382 57 5031 328 88
58 17289 63 5493 298 87
92 20166 86 10970 219 127
4 243 4 2118 60 529
0 0 0 0 0 0
0 0 0 0 0 0
1 52 0 0 52 0
11 5788 13 2091 526 160
7 3437 6 3039 491 506
40 4407 38 88639 110 2332
65 16368 67 23049 251 344
13 5110 11 7423 393 674
16 6177 19 2831 386 149
87 18187 102 127060 209 1245
319 34716 360 738817 108 2052
102 20820 131 135077 204 1031
44 4170 83 87565 94 1055
63 6355 105 100355 100 955
116 56629 169 126777 488 750
130 107593 155 68173 827 439
131 130776 134 11409 998 85
147 158207 147 12623 1076 85
171 193519 195 16817 1131 86
208 225120 211 18259 1082 86
246 271932 246 21164 1105 86
211 227480 226 19377 1078 85
8 719 14 1001 89 71
11 1141 11 1149 103 104
0 0 0 0 0 0
6 985 4 327 164 81
4 507 6 404 126 67
4 280 2 168 70 84
14 1524 14 1075 108 76
3 261 5 292 87 58
0 0 1 64 0 64
7 1031 7 643 147 91
5 430 4 299 86 74
4 336 6 475 84 79
13 1763 16 1680 135 105
3 225 6 344 75 57
11 941 9 708 85 78
5 689 7 595 137 85
1 85 1 52 85 52
7 804 6 456 114 76
7 510 8 599 72 74
4 531 4 240 132 60
2 384 2 184 192 92
6 719 7 804 119 114
6 1008 3 405 168 135
5 420 11 796 84 72
7 1061 12 927 151 77
5 653 4 320 130 80
1 88 2 136 88 68
9 861 9 803 95 89
3 469 3 236 156 78
7 560 6 408 80 68
9 930 11 847 103 77
5 583 3 188 116 62
0 0 1 52 0 52
8 803 6 511 100 85
6 525 8 528 87 66
3 264 8 512 88 64
11 1599 14 1159 145 82
2 140 3 188 70 62
0 0 0 0 0 0
8 1413 14 1263 176 90
10 589 5 292 58 58
10 1005 6 440 100 73
12 1576 13 1621 131 124
1 306 0 0 306 0
3 525 2 104 175 52
5 457 9 750 91 83
7 604 10 736 86 73
5 648 8 592 129 74
2 178 4 327 89 81
2 137 1 52 68 52
2 384 2 184 192 92
8 1040 8 639 130 79
11 924 13 1036 84 79
8 1129 8 492 141 61
3 677 5 379 225 75
4 775 2 184 193 92
3 192 4 240 64 60
7 522 5 430 74 86
5 609 8 573 121 71
4 336 7 500 84 71
6 699 4 315 116 78
1 88 4 320 88 80
4 505 3 445 126 148
11 1441 13 1006 131 77
11 1037 14 1218 94 87
9 636 11 860 70 78
7 902 7 550 128 78
5 731 3 233 146 77
4 636 4 288 159 72
7 658 5 398 94 79
3 225 4 285 75 71
6 708 7 548 118 78
6 915 6 896 152 149
3 269 3 228 89 76
5 709 6 464 141 77
5 733 8 607 146 75
8 881 11 788 110 71
8 793 18 22947 99 1274
8 490 9 803 61 89
7 931 5 340 133 68
2 140 2 136 70 68
12 830 13 910 69 70
10 1170 8 1103 117 137
2 480 3 156 240 52
8 1324 8 647 165 80
1 52 1 52 52 52
4 316 5 356 79 71
8 1205 10 801 150 80
15 3324 17 7364 221 433
1 140 0 0 140 0
4 562 6 511 140 85
11 931 8 696 84 87
6 664 8 560 110 70
4 318 4 359 79 89
4 367 4 240 91 60
4 524 4 320 131 80
12 1053 14 1634 87 116
5 664 5 372 132 74
1 88 5 372 88 74
6 829 7 595 138 85
5 645 8 560 129 70
3 280 3 188 93 62
10 1497 9 1313 149 145
6 926 9 764 154 84
9 594 6 416 66 69
11 1142 10 2499 103 249
8 607 9 788 75 87
0 0 1 52 0 52
6 838 7 689 139 98
3 225 2 136 75 68
6 522 9 604 87 67
17 2581 20 1687 151 84
2 173 4 240 86 60
3 620 2 104 206 52
14 2292 15 2622 163 174
9 944 10 745 104 74
56 37322 57 4973 666 87
99 73678 98 8576 744 87
44 26970 46 4184 612 90
46 25391 51 4628 551 90
46 23735 48 4352 515 90
38 23533 38 3348 619 88
31 19768 34 3118 637 91
34 19862 35 3439 584 98
32 20322 34 3052 635 89
33 21201 34 3119 642 91
36 20350 44 3774 565 85
30 21359 30 2804 711 93
31 20183 36 3199 651 88
34 20526 37 3424 603 92
27 19590 32 2989 725 93
30 21222 29 2705 707 93
41 21649 38 3822 528 100
26 20193 28 2639 776 94
35 22405 36 3199 640 88
30 20269 31 2880 675 92
25 19551 30 2791 782 93
32 22090 33 3025 690 91
30 19644 39 3522 654 90
29 21052 32 2935 725 91
35 22433 35 3161 640 90
28 18729 33 3033 668 91
39 20307 38 3442 520 90
31 19868 35 3412 640 97
36 22586 35 3136 627 89
28 21571 31 2812 770 90
30 22688 31 2889 756 93
34 22949 34 3149 674 92
30 19183 36 3255 639 90
30 21953 33 2944 731 89
27 19933 32 3014 738 94
44 23669 51 5481 537 107
34 22969 37 7286 675 196
27 21649 31 2929 801 94
32 22339 34 3077 698 90
53 26899 55 4900 507 89
49 24036 52 4732 490 91
33 22421 32 2919 679 91
44 24009 48 4285 545 89
29 18273 31 2943 630 94
29 12346 34 3014 425 88
46 26487 48 4320 575 90
37 22336 39 3955 603 101
46 25598 48 4462 556 92
43 24596 45 4046 572 89
45 23011 49 4376 511 89
41 23689 46 4124 577 89
55 28880 57 5084 525 89
41 23489 46 4170 572 90
55 24835 55 4720 451 85
38 22142 39 3570 582 91
45 24764 46 4137 550 89
43 23941 46 4174 556 90
43 22579 48 4186 525 87
42 21997 44 3967 523 90
45 22999 47 4183 511 89
37 22243 40 3641 601 91
57 31076 59 5209 545 88
54 31117 59 5318 576 90
45 25332 50 4390 562 87
48 20374 49 4491 424 91
38 17416 43 3828 458 89
40 19085 39 3588 477 92
44 16471 45 4281 374 95
40 18884 43 3828 472 89
44 21128 43 3895 480 90
37 15603 42 3891 421 92
51 26695 48 4254 523 88
61 35306 65 5720 578 88
57 32143 64 5640 563 88
46 26192 48 4286 569 89
46 26226 51 4662 570 91
49 26442 51 5001 539 98
48 22640 50 4444 471 88
35 14165 39 3469 404 88
38 21060 41 3779 554 92
42 16862 44 3960 401 90
41 23556 38 3475 574 91
46 24474 52 4727 532 90
42 17309 46 4063 412 88
35 16608 36 3300 474 91
46 26571 52 4688 577 90
46 24661 46 4097 536 89
40 18440 42 4026 461 95
48 22495 55 4855 468 88
39 17875 43 3875 458 90
42 15612 45 4083 371 90
46 23236 47 4280 505 91
33 14659 36 3233 444 89
57 32369 60 5477 567 91
41 23703 45 4133 578 91
40 19374 43 3807 484 88
44 21670 45 4118 492 91
45 22128 51 4490 491 88
46 23136 48 4165 502 86
45 23723 48 4300 527 89
45 16093 49 4739 357 96
32 13554 35 3181 423 90
30 10889 35 3171 362 90
44 12318 47 4205 279 89
39 15771 37 3373 404 91
53 31747 53 4818 599 90
66 36140 66 6224 547 94
63 39181 66 6108 621 92
55 32423 57 5133 589 90
64 39830 67 5922 622 88
39 21948 42 3793 562 90
35 17773 39 3628 507 93
44 20087 49 4291 456 87
36 16591 38 3410 460 89
35 14964 39 3461 427 88
43 16148 48 4372 375 91
37 21223 39 3589 573 92
49 27209 52 4589 555 88
47 20560 51 4533 437 88
53 29844 53 4650 563 87
48 27057 53 4725 563 89
37 17360 41 3744 469 91
30 12687 30 2824 422 94
41 21047 47 4190 513 89
44 24327 50 4442 552 88
43 21857 45 4079 508 90
37 17363 40 3582 469 89
42 21539 44 4187 512 95
60 31905 63 5666 531 89
43 25955 40 3568 603 89
55 30925 61 5378 562 88
55 31047 60 5426 564 90
57 32419 57 5018 568 88
59 33012 62 5543 559 89
60 37199 62 5524 619 89
64 37999 67 5883 593 87
89 66998 89 8248 752 92
97 86393 98 8547 890 87
78 60008 81 7121 769 87
73 47981 78 6944 657 89
42 31232 47 4269 743 90
69 43561 64 5712 631 89
63 45399 66 5769 720 87
49 35706 56 4934 728 88
40 25474 39 3569 636 91
44 32705 48 4341 743 90
39 25140 42 3784 644 90
44 30525 46 4259 693 92
58 38162 58 5162 657 89
61 44924 63 5543 736 87
63 46022 68 5995 730 88
57 36532 59 5276 640 89
60 41346 63 5583 689 88
58 35052 58 5110 604 88
59 34774 67 5835 589 87
53 33393 48 4334 630 90
37 21267 45 3970 574 88
64 50456 62 5582 788 90
37 19184 36 3233 518 89
32 13165 38 3377 411 88
43 15353 45 6567 357 145
30 17778 33 3062 592 92
33 18242 37 3385 552 91
52 29713 53 4720 571 89
50 29581 56 4940 591 88
47 25981 49 4323 552 88
49 26176 49 4858 534 99
89 68691 90 7914 771 87
90 58225 87 7875 646 90
48 24736 39 3490 515 89
47 24585 54 4819 523 89
71 43995 77 6600 619 85
46 25347 51 4638 551 90
54 31569 54 4852 584 89
51 36915 56 5038 723 89
67 44131 71 6261 658 88
38 18840 43 3850 495 89
42 20451 42 3781 486 90
48 25637 48 4275 534 89
50 23321 57 5139 466 90
41 21635 45 3934 527 87
48 27522 51 4609 573 90
41 24496 44 3980 597 90
42 20088 44 3913 478 88
47 23380 49 4448 497 90
44 24461 44 3980 555 90
45 22018 50 4538 489 90
39 18406 42 3691 471 87
45 21530 46 4318 478 93
45 26851 49 4385 596 89
48 25576 50 4478 532 89
38 21307 41 3691 560 90
60 30450 62 5476 507 88
75 46912 75 6601 625 88
48 28366 51 4590 590 90
59 34000 59 5197 576 88
54 28588 55 5407 529 98
41 25583 47 4194 623 89
62 40238 58 5091 649 87
102 89536 109 9495 877 87
49 28292 53 4734 577 89
51 29758 54 4704 583 87
51 29454 58 5284 577 91
51 28395 56 4873 556 87
47 26526 51 4541 564 89
99 80221 97 8575 810 88
101 91248 98 8583 903 87
86 68738 94 8236 799 87
82 54720 84 7631 667 90
96 69819 94 8129 727 86
97 89555 103 9009 923 87
108 94150 107 9289 871 86
96 85509 100 8816 890 88
104 92188 104 9095 886 87
105 93325 105 9159 888 87
103 91704 110 9522 890 86
104 94018 102 8924 904 87
82 69047 90 7953 842 88
92 68864 90 7961 748 88
87 74367 93 8112 854 87
102 62623 103 9414 613 91
111 79042 104 10245 712 98
93 76551 100 8774 823 87
104 88356 107 9329 849 87
84 58048 84 7335 691 87
80 64073 82 7187 800 87
114 90217 111 10082 791 90
100 84608 103 8927 846 86
77 51083 79 7148 663 90
99 82148 81 7178 829 88
93 68073 87 7485 731 86
109 81687 122 10601 749 86
100 83074 111 9647 830 86
104 89335 115 10068 858 87
101 90166 102 8951 892 87
106 92087 108 9414 868 87
106 92972 108 9392 877 86
102 88477 106 9239 867 87
100 80756 104 9007 807 86
88 65637 91 7950 745 87
76 45095 76 6754 593 88
99 65017 99 8590 656 86
69 42549 74 6504 616 87
101 75823 103 9032 750 87
128 110320 128 11080 861 86
96 75246 101 8839 783 87
86 74194 84 7414 862 88
89 65085 97 8544 731 88
114 88950 112 10031 780 89
92 72489 94 8238 787 87
78 54147 85 7399 694 87
40 19694 41 3712 492 90
77 59214 77 6752 769 87
84 52450 91 7983 624 87
60 37308 61 5511 621 90
71 44425 78 6778 625 86
87 49701 86 8001 571 93
57 33733 61 5425 591 88
62 35531 62 5421 573 87
60 34103 60 5439 568 90
46 27816 48 4354 604 90
35 12715 38 3417 363 89
55 28568 56 4970 519 88
84 55873 88 7661 665 87
69 48997 70 6204 710 88
73 47350 78 6890 648 88
89 59228 90 7910 665 87
93 71732 97 8425 771 86
95 67522 99 8866 710 89
40 14039 44 3978 350 90
63 41043 61 5425 651 88
113 92165 117 10199 815 87
115 89331 117 10130 776 86
76 48907 80 7016 643 87
90 67843 88 7761 753 88
101 89147 106 9263 882 87
104 96209 103 8962 925 87
100 89267 107 9373 892 87
103 90203 109 9493 875 87
97 81380 95 8289 838 87
106 86661 109 9517 817 87
102 91311 106 9194 895 86
107 93389 105 9235 872 87
103 90875 106 9342 882 88
106 93866 107 9321 885 87
101 91202 103 9021 902 87
111 90817 111 10027 818 90
99 80512 98 8577 813 87
64 39497 71 6512 617 91
76 45923 84 7284 604 86
80 49974 79 6969 624 88
74 47023 77 6752 635 87
54 30296 58 5131 561 88
81 68264 90 7904 842 87
89 71310 87 7647 801 87
116 92964 116 10119 801 87
102 88985 110 9636 872 87
100 91338 96 8434 913 87
92 65907 101 8793 716 87
91 66664 86 7516 732 87
93 78537 98 8617 844 87
109 91509 114 9867 839 86
101 93387 101 8863 924 87
102 89619 109 9387 878 86
108 95595 108 9421 885 87
99 89356 103 9067 902 88
102 88278 110 9572 865 87
101 68344 102 8858 676 86
100 83271 106 9218 832 86
104 83843 100 9043 806 90
88 59632 90 7881 677 87
83 50184 86 7457 604 86
83 56162 83 7302 676 87
100 76201 100 8697 762 86
84 57468 83 7415 684 89
99 85460 98 8545 863 87
125 95401 130 15079 763 115
117 96428 118 11160 824 94
103 91071 108 9335 884 86
108 94643 109 9570 876 87
106 89456 106 9275 843 87
73 47615 77 6786 652 88
91 74759 92 8061 821 87
124 112789 124 10808 909 87
100 89982 101 8863 899 87
96 66992 97 8485 697 87
94 65160 95 8421 693 88
95 72094 95 8263 758 86
105 91665 108 9387 873 86
103 92014 105 9348 893 89
104 94790 108 9488 911 87
105 85067 111 9594 810 86
101 93647 101 8859 927 87
109 84764 108 9420 777 87
105 74186 111 9709 706 87
112 95391 98 8543 851 87
99 85126 111 9653 859 86
106 93542 107 9355 882 87
102 90624 104 9167 888 88
89 72886 92 7972 818 86
105 74644 112 10081 710 90
94 79234 96 8448 842 88
84 56924 87 7609 677 87
96 84231 98 8563 877 87
102 89473 104 9099 877 87
104 92599 107 9293 890 86
114 91551 115 10380 803 90
103 92261 105 9204 895 87
104 90376 101 8759 869 86
109 92861 113 10072 851 89
102 92451 100 8774 906 87
102 89680 108 9317 879 86
111 93679 114 9856 843 86
100 90753 102 8990 907 88
106 92011 109 9459 868 86
105 90764 103 9015 864 87
97 87629 104 9097 903 87
98 76591 101 8852 781 87
87 66761 94 8150 767 86
84 57152 88 7753 680 88
75 46253 72 6326 616 87
89 68193 88 7812 766 88
98 86601 100 8755 883 87
105 96761 107 9302 921 86
106 89760 112 9653 846 86
85 61385 88 7807 722 88
102 94450 105 9139 925 87
105 89429 112 9770 851 87
82 61542 79 6956 750 88
107 90175 113 10018 842 88
100 78786 104 9080 787 87
80 48794 79 6959 609 88
79 52285 85 7472 661 87
85 56783 81 7056 668 87
92 70443 94 8320 765 88
84 59556 88 7735 709 87
89 56495 88 8072 634 91
71 46204 77 6785 650 88
80 51919 83 7259 648 87
117 83086 112 11877 710 106
81 56661 83 7302 699 87
73 44487 76 6656 609 87
70 40608 76 6598 580 86
52 30744 56 4947 591 88
61 33445 63 5647 548 89
66 39314 65 5785 595 89
89 51120 91 10250 574 112
95 72869 96 8405 767 87
78 47556 80 7034 609 87
79 46885 79 7122 593 90
71 46127 75 6622 649 88
67 38549 74 6603 575 89
70 42148 71 6263 602 88
72 40979 75 6685 569 89
70 41606 75 6528 594 87
67 41454 69 6072 618 88
57 32691 60 5320 573 88
58 30719 61 5437 529 89
72 47339 73 6518 657 89
84 59092 82 7190 703 87
101 90903 104 9101 900 87
105 92682 108 9395 882 86
106 90581 103 8993 854 87
103 88985 110 9683 863 88
74 47365 81 7114 640 87
71 41825 73 6362 589 87
89 53700 91 10837 603 119
101 79304 105 9080 785 86
74 45983 74 6535 621 88
75 44041 79 7168 587 90
74 42791 78 6936 578 88
91 68201 89 7738 749 86
88 68616 91 7978 779 87
102 91361 100 8751 895 87
103 86957 105 9203 844 87
81 52753 88 7788 651 88
64 37979 64 5662 593 88
69 41144 71 6182 596 87
73 44238 76 6701 606 88
92 68724 94 8167 747 86
86 67662 89 7779 786 87
99 72327 102 9010 730 88
87 67744 90 7898 778 87
93 54900 97 8425 590 86
70 42446 70 6210 606 88
88 57714 91 7981 655 87
70 43405 71 6260 620 88
52 28811 53 4766 554 89
60 35747 64 5569 595 87
62 36616 64 5594 590 87
82 52762 88 7927 643 90
90 60584 83 7322 673 88
95 82233 101 8758 865 86
73 47321 77 6839 648 88
74 43800 74 6535 591 88
83 50432 88 7710 607 87
108 90063 105 9558 833 91
100 80684 99 8734 806 88
99 75457 101 8792 762 87
92 60984 94 8298 662 88
70 46788 71 6309 668 88
87 62830 89 7670 722 86
106 80199 108 9421 756 87
99 89462 102 8957 903 87
105 95452 106 9264 909 87
100 85876 106 9279 858 87
104 94035 106 9231 904 87
104 93242 109 9491 896 87
112 92872 114 9935 829 87
104 93963 104 9091 903 87
104 92406 105 9388 888 89
104 92746 101 8879 891 87
107 91508 107 9388 855 87
106 89921 114 9803 848 85
104 95805 101 8845 921 87
104 91462 106 9173 879 86
102 91458 105 9246 896 88
102 92051 105 9226 902 87
106 91187 111 9563 860 86
102 92129 104 8950 903 86
107 92839 106 9322 867 87
108 91728 108 9472 849 87
103 91449 102 8880 887 87
105 93265 111 9819 888 88
105 92535 105 9139 881 87
108 92751 108 9297 858 86
117 93653 115 10748 800 93
104 92878 108 9476 893 87
100 90918 102 8862 909 86
106 92293 110 9595 870 87
108 90739 109 9601 840 88
108 78788 110 10036 729 91
80 38294 84 17955 478 213
70 56472 67 7563 806 112
95 59386 99 8687 625 87
99 84925 103 9016 857 87
107 93719 108 9472 875 87
108 91700 107 9275 849 86
102 93486 106 9238 916 87
107 92626 108 9417 865 87
102 92807 101 8864 909 87
102 83594 111 9710 819 87
104 82436 102 8863 792 86
79 51835 88 7620 656 86
85 65209 85 7605 767 89
49 29047 52 4602 592 88
46 28312 46 4121 615 89
57 26272 62 5495 460 88
57 32530 59 5122 570 86
68 40131 70 6269 590 89
71 40694 73 6698 573 91
47 27870 54 4797 592 88
87 72449 87 7649 832 87
107 93917 106 9218 877 86
106 89549 111 9629 844 86
100 74631 100 8662 746 86
108 86479 113 10374 800 91
102 84173 100 8722 825 87
102 94011 106 9190 921 86
111 92975 114 9982 837 87
102 91470 100 8720 896 87
104 92271 111 9723 887 87
106 92513 107 9322 872 87
102 92874 100 8722 910 87
103 89297 107 9301 866 86
106 94617 107 9348 892 87
104 91651 109 9524 881 87
104 91520 106 9183 880 86
104 91463 107 9374 879 87
99 91784 103 9003 927 87
104 91698 105 9347 881 89
106 73780 114 9984 696 87
100 70622 102 8852 706 86
82 54221 85 7439 661 87
85 58466 86 7611 687 88
105 87622 103 8930 834 86
98 74100 101 8775 756 86
108 90373 109 9466 836 86
105 82768 103 8874 788 86
91 73155 99 8636 803 87
101 92219 99 8709 913 87
106 93651 109 9452 883 86
102 92226 105 9244 904 88
105 90708 109 9460 863 86
101 87567 107 9331 867 87
112 91584 109 9456 817 86
105 91627 106 9670 872 91
104 86579 94 8214 832 87
96 81680 109 9545 850 87
110 93035 114 9873 845 86
108 92194 105 9388 853 89
103 94545 104 9124 917 87
104 91860 109 9573 883 87
95 73876 77 6636 777 86
75 45009 106 9096 600 85
72 48270 86 7609 670 88
46 21602 54 4929 469 91
70 43864 68 6001 626 88
112 73715 114 9908 658 86
66 40872 70 6190 619 88
69 42544 69 6087 616 88
67 39989 71 6261 596 88
72 41125 75 6555 571 87
75 50424 75 6590 672 87
82 53790 85 7485 655 88
80 53987 82 7296 674 88
102 83626 103 8886 819 86
101 90450 111 9632 895 86
114 95696 111 9698 839 87
95 79753 98 8647 839 88
107 90684 105 9396 847 89
115 92171 115 9985 801 86
99 88880 101 8935 897 88
92 58976 93 8104 641 87
56 31893 57 5097 569 89
74 50117 81 7058 677 87
100 69426 95 8678 694 91
93 84437 101 8850 907 87
106 94111 105 9121 887 86
105 91458 112 9681 871 86
102 92155 105 9253 903 88
106 92268 104 9065 870 87
102 91095 108 9436 893 87
114 94192 112 9657 826 86
102 91840 104 9166 900 88
106 93737 109 9480 884 86
103 91707 102 8929 890 87
104 88767 109 9379 853 86
107 95269 106 9298 890 87
104 89437 105 9200 859 87
108 95792 107 9313 886 87
103 89833 108 9584 872 88
105 91622 109 9569 872 87
104 93044 102 8918 894 87
103 92267 101 8807 895 87
108 93396 115 10025 864 87
114 92711 111 9626 813 86
101 91073 104 9103 901 87
109 95637 108 9365 877 86
97 90226 102 8878 930 87
105 91030 108 9523 866 88
108 94487 108 9406 874 87
100 87962 106 9208 879 86
109 95188 106 9283 873 87
98 88654 106 9140 904 86
105 91988 106 9275 876 87
119 95869 116 11029 805 95
104 90701 109 9425 872 86
104 92396 108 9344 888 86
109 93242 111 9685 855 87
103 91234 104 9175 885 88
106 95202 104 9324 898 89
101 90689 104 9088 897 87
104 91334 106 9276 878 87
107 93504 107 9340 873 87
103 88552 108 9398 859 87
105 95387 105 9161 908 87
103 92153 105 9238 894 87
121 97925 125 14707 809 117
104 91377 107 9306 878 86
99 89278 107 9234 901 86
108 95409 111 9735 883 87
110 90131 112 9774 819 87
101 91302 102 8911 903 87
101 93110 102 8958 921 87
107 91995 106 9206 859 86
110 93819 114 9909 852 86
100 91625 99 8670 916 87
106 91094 113 9766 859 86
105 92599 103 8943 881 86
102 90382 104 9055 886 87
66 39225 74 6752 594 91
62 36340 63 5568 586 88
67 41170 71 6258 614 88
132 117931 128 11176 893 87
94 71498 100 8759 760 87
68 40695 71 6780 598 95
88 56770 84 7346 645 87
101 83909 104 9013 830 86
84 56461 83 7336 672 88
97 75024 101 8924 773 88
101 94580 91 7917 936 87
104 91393 116 10132 878 87
106 91975 113 9709 867 85
103 93075 101 8805 903 87
103 51599 100 11180 500 111
0 0 0 0 0 0
0 0 0 0 0 0
5 5093 6 912 1018 152
21 3874 22 86389 184 3926
16 4071 11 1912 254 173
54 11924 55 19620 220 356
38 11300 40 15067 297 376
6 3122 6 1236 520 206
62 13053 68 79134 210 1163
341 28082 414 761567 82 1839
91 28397 97 79167 312 816
56 8791 91 86504 156 950
66 6525 109 105722 98 969
122 53855 172 130378 441 758
112 104881 124 37628 936 303
170 143170 169 14535 842 86
195 166907 206 17603 855 85
201 183909 192 16562 914 86
235 218299 250 21498 928 85
263 253561 270 23272 964 86
300 289887 283 24634 966 87
270 250783 309 26312 928 85
54 13630 56 4706 252 84
26 6130 28 2380 235 85
17 3212 17 1413 188 83
15 2808 15 1391 187 92
52 11830 47 3978 227 84
24 4069 27 2228 169 82
13 2343 14 1123 180 80
21 4783 20 1666 227 83
35 8689 35 3009 248 85
52 16131 54 4556 310 84
57 16195 60 5013 284 83
48 11496 52 4320 239 83
54 18804 55 4607 348 83
55 18696 55 4623 339 84
57 18933 56 4705 332 84
53 15143 55 4608 285 83
27 5374 30 2478 199 82
29 3630 29 2334 125 80
13 2635 14 1171 202 83
11 2251 11 935 204 85
24 4514 24 2026 188 84
35 11054 32 2668 315 83
51 11915 56 4646 233 82
40 11729 39 3168 293 81
55 18779 54 4820 341 89
52 16698 53 4471 321 84
58 19593 60 5067 337 84
38 9201 40 3374 242 84
37 9500 36 3338 256 92
64 18986 65 5477 296 84
52 15599 53 4438 299 83
52 15829 52 4353 304 83
56 18706 56 4794 334 85
57 16144 56 4595 283 82
61 16611 60 4953 272 82
56 17522 60 5052 312 84
53 18779 53 4438 354 83
53 18147 53 4519 342 85
51 12853 51 4322 252 84
54 17583 57 4759 325 83
57 18362 61 5071 322 83
56 16646 58 4882 297 84
61 19718 61 5184 323 84
52 15872 52 4387 305 84
57 18571 56 4963 325 88
60 15254 60 5159 254 85
57 18083 57 4743 317 83
35 8955 35 2995 255 85
54 17911 54 4571 331 84
46 12789 47 3961 278 84
59 19299 59 4982 327 84
55 18079 58 4810 328 82
56 19576 57 4678 349 82
58 16604 59 4982 286 84
41 11546 42 3537 281 84
56 18586 57 4863 331 85
50 10970 51 4728 219 92
52 15459 50 8767 297 175
76 20564 75 9122 270 121
56 18762 56 4754 335 84
51 18211 50 4250 357 85
53 14868 58 4861 280 83
34 9394 34 2817 276 82
56 18220 59 4863 325 82
38 8328 39 3444 219 88
32 7748 30 2570 242 85
54 18669 54 4571 345 84
45 11894 49 4063 264 82
55 13976 55 4680 254 85
60 17271 62 5122 287 82
50 17098 52 4420 341 85
56 17790 56 4754 317 84
57 17424 58 4875 305 84
54 18180 53 4439 336 83
59 18077 61 5134 306 84
51 13552 56 4658 265 83
28 7022 26 2144 250 82
56 14284 58 4896 255 84
25 5846 26 2044 233 78
55 18803 54 4531 341 83
57 18562 61 5134 325 84
65 15911 64 5322 244 83
55 17979 54 4603 326 85
60 18740 59 4902 312 83
53 19100 53 4655 360 87
52 18470 53 4519 355 85
47 11199 50 4171 238 83
56 18024 58 4843 321 83
57 19224 57 5177 337 90
56 19274 57 4798 344 84
54 19457 54 4571 360 84
52 16787 52 4386 322 84
58 19650 62 5203 338 83
50 12129 54 4488 242 83
44 13231 40 3367 300 84
47 13635 50 4250 290 85
53 16003 52 4386 301 84
25 5537 27 2295 221 85
48 12876 46 3775 268 82
51 14083 51 4335 276 85
52 17034 55 4608 327 83
57 16962 58 4930 297 85
53 18722 51 4302 353 84
58 18857 62 5132 325 82
54 12670 57 4979 234 87
48 15398 49 4082 320 83
60 19159 60 5098 319 84
54 19094 55 4695 353 85
53 18931 52 4386 357 84
55 18157 56 4708 330 84
59 13929 57 4696 236 82
55 15479 56 4740 281 84
52 18267 52 4387 351 84
59 19976 60 4954 338 82
54 16718 54 4571 309 84
54 18318 60 4988 339 83
58 19478 62 5162 335 83
56 18436 55 4654 329 84
61 19219 62 6012 315 96
66 18542 65 5517 280 84
51 17131 52 4420 335 85
54 17447 54 4523 323 83
64 19293 65 5389 301 82
55 12132 53 4405 220 83
55 15692 57 4928 285 86
57 17730 57 4846 311 85
54 17774 53 4413 329 83
59 17603 61 5151 298 84
56 17853 61 5038 318 82
53 15090 53 4471 284 84
52 18302 53 4519 351 85
55 18614 57 4839 338 84
59 18628 57 4830 315 84
64 19538 62 5114 305 82
58 17650 61 5072 304 83
53 18363 53 4519 346 85
52 18140 52 4387 348 84
54 17394 54 4610 322 85
59 17823 64 5283 302 82
56 18779 58 4760 335 82
43 11062 48 4067 257 84
34 11136 31 2649 327 85
53 18423 53 4471 347 84
60 17149 61 5126 285 84
58 16400 60 5137 282 85
61 18402 62 5220 301 84
57 19054 57 4846 334 85
54 19040 53 4471 352 84
58 15529 55 5007 267 91
56 17426 57 4879 311 85
58 18499 59 4862 318 82
56 18735 59 4927 334 83
44 9243 48 4066 210 84
36 10162 34 2890 282 85
49 17171 47 3976 350 84
57 17502 61 5112 307 83
58 15950 62 6058 275 97
63 18816 66 5829 298 88
60 19923 63 5664 332 89
54 17008 56 4990 314 89
52 16712 54 4773 321 88
61 18794 65 5698 308 87
65 20219 66 5784 311 87
56 19329 57 4962 345 87
59 19529 56 4996 331 89
56 18803 62 5659 335 91
57 15553 58 5117 272 88
60 15713 64 5703 261 89
50 12305 54 4520 246 83
56 18171 56 4627 324 82
76 21418 72 7760 281 107
93 45505 94 8276 489 88
137 87381 138 12127 637 87
83 39442 96 8887 475 92
91 39681 92 8336 436 90
95 44227 100 9004 465 90
105 46644 104 9188 444 88
90 40207 96 8554 446 89
114 54211 115 10683 475 92
93 37565 99 8775 403 88
95 41051 92 8324 432 90
98 44713 107 9669 456 90
85 33551 88 7825 394 88
127 71833 126 11165 565 88
121 72944 131 11630 602 88
113 54912 119 10811 485 90
94 42277 94 8433 449 89
95 44450 96 8655 467 90
116 52935 104 9387 456 90
101 45331 105 9429 448 89
92 36239 91 8205 393 90
111 48286 121 10607 435 87
81 34447 97 8702 425 89
80 35956 84 7747 449 92
107 44633 109 9900 417 90
112 50848 109 9792 454 89
103 40731 115 10169 395 88
103 42111 103 9185 408 89
78 35121 81 7390 450 91
109 50248 113 10080 460 89
89 33518 98 9015 376 91
63 25355 64 5873 402 91
79 28414 88 7969 359 90
64 30262 67 6105 472 91
103 62596 112 9949 607 88
135 75156 130 11729 556 90
110 49733 119 10575 452 88
93 45445 90 8204 488 91
78 39744 83 7915 509 95
150 97018 152 13399 646 88
145 96240 144 12671 663 87
112 83124 107 9551 742 89
162 106173 170 15063 655 88
153 102327 154 13595 668 88
162 105524 162 14055 651 86
142 98776 150 13246 695 88
113 92981 118 10584 822 89
113 94653 117 10401 837 88
130 97679 134 11873 751 88
138 101500 143 12624 735 88
143 100634 150 13216 703 88
159 105274 160 14144 662 88
149 103936 156 13756 697 88
156 99024 159 14074 634 88
124 81237 129 11492 655 89
132 69524 132 11869 526 89
127 78388 138 12175 617 88
87 47199 91 8046 542 88
107 50812 114 10244 474 89
112 52815 114 10223 471 89
84 43238 92 8301 514 90
108 57978 109 9640 536 88
128 100110 141 12381 782 87
122 85154 124 11089 697 89
125 53677 132 11741 429 88
138 76949 137 12140 557 88
149 92154 153 13395 618 87
155 104320 159 13943 673 87
168 108064 167 15535 643 93
150 99847 155 13632 665 87
143 91472 144 12729 639 88
124 61722 134 11893 497 88
128 60108 134 11955 469 89
105 56444 104 9159 537 88
104 55073 116 10308 529 88
91 43867 94 8755 482 93
101 49484 99 8844 489 89
119 52006 127 11332 437 89
99 47448 103 9232 479 89
103 46911 106 9504 455 89
116 57853 121 10766 498 88
128 60793 131 11656 474 88
119 55174 124 11093 463 89
120 56418 122 10792 470 88
92 58689 101 9020 637 89
149 93593 152 13507 628 88
138 84708 139 12239 613 88
136 72458 140 12509 532 89
146 84421 148 12936 578 87
139 83346 143 12588 599 88
140 70116 137 12197 500 89
127 62448 135 11974 491 88
71 38746 74 6805 545 91
152 104767 145 12830 689 88
152 89669 161 14117 589 87
122 78094 129 11795 640 91
113 71028 117 10467 628 89
125 64636 133 11629 517 87
156 101042 156 14174 647 90
169 110710 169 15642 655 92
156 111919 163 14245 717 87
149 94180 155 13725 632 88
106 58661 110 9911 553 90
149 75186 152 13306 504 87
135 70509 131 11669 522 89
155 99971 160 14148 644 88
147 94865 150 13292 645 88
132 68487 140 12394 518 88
138 73304 145 12781 531 88
145 97487 145 12761 672 88
136 100621 144 12795 739 88
154 106882 158 13997 694 88
151 107074 143 12545 709 87
155 110930 174 15252 715 87
162 113599 165 14568 701 88
165 112102 158 13780 679 87
154 111217 171 15280 722 89
163 111749 162 14226 685 87
155 108139 162 14374 697 88
156 104252 154 13526 668 87
154 99580 163 14369 646 88
140 100176 141 12449 715 88
139 93363 141 12427 671 88
138 101243 146 12968 733 88
131 94196 128 11304 719 88
151 98791 161 14313 654 88
139 89480 145 12801 643 88
139 87415 141 12389 628 87
155 88379 160 14379 570 89
144 92741 142 12590 644 88
142 92067 149 13332 648 89
115 65520 110 9793 569 89
119 63604 129 11436 534 88
116 66021 121 10767 569 88
114 67626 108 9538 593 88
117 65041 132 11816 555 89
117 65403 118 10608 559 89
114 60882 119 10585 534 88
114 63303 119 10672 555 89
117 65896 115 10198 563 88
108 60554 115 10265 560 89
125 67520 132 11694 540 88
131 68304 126 11141 521 88
128 64084 139 12404 500 89
134 69453 130 11431 518 87
130 65511 136 11948 503 87
134 66002 136 12031 492 88
120 59456 131 11657 495 88
135 67300 140 12422 498 88
132 64286 135 12006 487 88
118 57886 123 10855 490 88
130 68073 134 11900 523 88
131 67676 135 12011 516 88
140 71189 143 12653 508 88
150 73581 156 13614 490 87
140 74036 145 12853 528 88
126 64292 127 11422 510 89
114 63779 117 10527 559 89
147 82717 154 14028 562 91
135 92601 129 11435 685 88
151 96377 162 14094 638 87
144 94596 150 13245 656 88
162 107674 160 14095 664 88
149 105752 162 14193 709 87
164 112747 160 14191 687 88
137 98381 145 12851 718 88
155 103921 163 14367 670 88
122 89644 125 11079 734 88
119 95798 122 10944 805 89
124 97240 112 9976 784 89
156 111390 169 14842 714 87
160 110318 166 14552 689 87
157 108527 161 14135 691 87
150 103611 151 13296 690 88
157 110225 160 14123 702 88
160 111023 158 14023 693 88
157 110932 169 15155 706 89
155 109835 162 14212 708 87
150 108497 147 13006 723 88
166 114162 178 15504 687 87
160 106090 165 14609 663 88
154 108442 157 13801 704 87
153 107366 156 13756 701 88
157 108812 157 13841 693 88
160 110853 170 14891 692 87
158 109335 159 13909 691 87
150 104513 164 14473 696 88
151 111473 148 13043 738 88
171 112176 174 18309 656 105
157 112327 161 14063 715 87
157 112000 162 14100 713 87
154 105964 160 14036 688 87
167 110602 171 15250 662 89
152 109863 149 13121 722 88
154 104093 165 14434 675 87
147 96940 150 13299 659 88
121 54507 125 11249 450 89
102 46450 104 9305 455 89
157 101282 158 14051 645 88
165 114471 173 15283 693 88
103 49887 105 9348 484 89
108 37958 127 22531 351 177
109 46505 123 22106 426 179
104 46901 120 16308 450 135
121 50914 130 15991 420 123
122 53520 126 14240 438 113
110 48916 124 13783 444 111
189 128840 179 17132 681 95
168 109404 188 18408 651 97
154 103805 168 16349 674 97
130 71529 124 12315 550 99
140 62663 161 16565 447 102
105 45418 120 11987 432 99
125 60490 132 12912 483 97
149 76121 156 15262 510 97
138 75949 147 14159 550 96
137 64208 146 15209 468 104
138 83167 148 14971 602 101
150 95958 159 16476 639 103
165 112753 176 17852 683 101
164 113634 174 17086 692 98
168 107949 175 17379 642 99
161 110903 175 16869 688 96
164 112869 165 15532 688 94
160 108982 175 17354 681 99
169 113645 172 16891 672 98
167 111096 178 17352 665 97
154 110535 157 14738 717 93
170 112924 183 18079 664 98
159 106566 160 15987 670 99
159 110571 172 16736 695 97
174 107781 185 18084 619 97
165 108890 173 17053 659 98
146 84758 155 15234 580 98
100 35185 113 12074 351 106
102 33132 106 11128 324 104
105 39022 115 11767 371 102
107 44805 118 12732 418 107
174 128930 182 17289 740 94
161 116124 173 16659 721 96
165 112821 173 17076 683 98
160 110415 167 16722 690 100
166 112782 185 18437 679 99
172 114130 179 17083 663 95
165 115240 172 16703 698 97
131 98931 146 14662 755 100
152 107508 159 16640 707 104
168 113005 180 17495 672 97
170 114640 177 17972 674 101
149 92333 156 15204 619 97
139 102134 153 14770 734 96
154 109039 163 15808 708 96
171 113251 184 18570 662 100
166 116869 164 16963 704 103
158 107379 177 17444 679 98
169 112530 181 18179 665 100
169 114530 174 16480 677 94
167 111925 174 17238 670 99
167 112499 175 16807 673 96
151 105035 160 15636 695 97
158 106162 160 15396 671 96
165 109761 176 16744 665 95
134 99323 146 15169 741 103
164 113332 174 16473 691 94
162 111927 169 16074 690 95
163 113073 170 16708 693 98
164 113011 176 17553 689 99
163 109692 175 17232 672 98
168 119308 169 16355 710 96
169 110806 181 17245 655 95
158 108752 169 16087 688 95
145 97474 154 15607 672 101
121 62139 137 13901 513 101
135 65454 143 13883 484 97
136 64983 143 14288 477 99
119 51220 127 13076 430 102
124 55630 131 13427 448 102
118 50780 129 13749 430 106
163 91175 166 16460 559 99
136 68230 147 14281 501 97
131 61720 136 13367 471 98
131 63044 142 14065 481 99
143 66799 157 15438 467 98
122 57974 124 12228 475 98
157 87771 170 16491 559 97
122 52362 131 13447 429 102
88 29488 95 10021 335 105
110 41613 113 11629 378 102
110 48511 120 12404 441 103
130 63229 133 13835 486 104
175 117932 187 21426 673 114
199 129749 209 89916 652 430
166 111599 183 17441 672 95
159 109362 170 15959 687 93
163 112385 172 16854 689 97
165 110096 178 17309 667 97
164 113544 175 16642 692 95
171 108775 179 17508 636 97
165 112719 172 16609 683 96
161 110035 167 16117 683 96
151 100766 159 15709 667 98
130 96805 141 14179 744 100
155 105803 164 16490 682 100
148 98625 158 15854 666 100
163 111908 173 16787 686 97
164 111273 170 17065 678 100
164 108324 167 16412 660 98
165 111343 180 16670 674 92
178 113547 186 18508 637 99
160 109136 168 15944 682 94
164 107841 174 16916 657 97
162 109521 169 16912 676 100
171 112740 177 17747 659 100
168 112743 178 17413 671 97
157 97660 167 16708 622 100
126 57573 132 12774 456 96
159 101362 166 17465 637 105
192 138722 206 20610 722 100
163 111171 177 17773 682 100
167 111104 173 17094 665 98
141 70531 155 16449 500 106
165 101281 167 17835 613 106
159 107841 146 15274 678 104
163 109444 167 16478 671 98
132 61620 150 14830 466 98
108 46119 128 12909 427 100
105 44955 126 12747 428 101
107 46691 118 12476 436 105
108 45933 119 11895 425 99
97 40761 107 11315 420 105
109 39833 121 12437 365 102
104 42292 117 11837 406 101
100 33693 106 11238 336 106
114 38483 120 12157 337 101
97 40569 99 10207 418 103
101 39264 116 11818 388 101
167 103222 171 16410 618 95
175 120198 179 17539 686 97
163 109670 176 17730 672 100
161 98040 169 16558 608 97
140 72906 154 15028 520 97
135 68079 148 14778 504 99
140 63291 147 14241 452 96
151 94839 164 15923 628 97
151 92220 156 14537 610 93
131 57470 138 13956 438 101
152 75246 164 16047 495 97
167 104712 171 16644 627 97
159 95350 174 17218 599 98
158 109226 161 15473 691 96
165 103748 169 16344 628 96
113 49726 131 13438 440 102
82 32201 95 9794 392 103
86 34709 92 9976 403 108
115 50462 128 12698 438 99
121 53406 129 12767 441 98
133 72192 140 14048 542 100
118 51246 127 13403 434 105
120 53544 129 13082 446 101
112 51297 124 12877 458 103
118 52162 118 13002 442 110
110 48110 128 13844 437 108
90 31938 102 11322 354 111
116 51030 123 12907 439 104
113 54327 126 12680 480 100
118 48749 125 12431 413 99
101 44179 117 11845 437 101
101 42413 113 11716 419 103
101 32962 111 13012 326 117
103 44444 112 11465 431 102
116 52617 124 12450 453 100
125 54433 133 13485 435 101
143 73590 146 14555 514 99
126 57189 141 14338 453 101
111 49663 121 11976 447 98
156 94269 159 15258 604 95
130 57728 142 15030 444 105
125 59146 134 13763 473 102
126 56943 129 12617 451 97
162 102222 181 17228 631 95
128 63091 134 13245 492 98
118 50849 126 13262 430 105
124 56072 135 14030 452 103
133 62501 143 15310 469 107
107 44289 125 12464 413 99
114 50673 121 12282 444 101
121 55231 127 12406 456 97
95 46243 104 10662 486 102
148 94519 150 13150 638 87
138 76013 146 12990 550 88
128 57414 134 13790 448 102
130 70602 139 14764 543 106
145 56076 176 38801 386 220
111 45550 122 12980 410 106
103 37551 111 11365 364 102
97 34017 105 10782 350 102
139 67824 148 14688 487 99
110 44347 123 12704 403 103
93 46823 96 11218 503 116
83 41258 101 11521 497 114
63 29235 70 8714 464 124
82 37716 90 10924 459 121
133 61391 143 15136 461 105
134 70973 146 15378 529 105
137 68360 147 15746 498 107
152 76931 162 16373 506 101
132 87134 139 13650 660 98
152 86747 169 16853 570 99
96 44588 106 10906 464 102
102 50372 115 11874 493 103
139 65297 146 14279 469 97
127 56046 135 13044 441 96
119 52568 134 13182 441 98
105 47458 113 12419 451 109
121 50454 128 13528 416 105
114 50244 124 13246 440 106
120 49338 125 13293 411 106
134 55699 147 26080 415 177
116 48588 127 14842 418 116
115 49502 127 13034 430 102
99 43636 104 10977 440 105
116 50481 129 12773 435 99
137 62776 146 14499 458 99
115 50033 124 12595 435 101
108 41698 115 11415 386 99
110 43782 113 11854 398 104
127 58726 136 13927 462 102
134 63242 146 14594 471 99
107 48685 107 11969 455 111
109 46341 127 13102 425 103
100 39551 113 11291 395 99
102 41298 111 11081 404 99
139 68891 145 14100 495 97
162 98190 167 15925 606 95
135 66229 147 14355 490 97
132 53153 141 13929 402 98
115 50077 127 12617 435 99
78 36677 88 9429 470 107
105 42431 118 12601 404 106
89 33111 99 10529 372 106
87 30342 97 9918 348 102
117 48983 123 12549 418 102
98 44823 108 10980 457 101
117 51351 134 13430 438 100
115 46290 123 12714 402 103
108 43585 116 12038 403 103
88 42868 100 10891 487 108
61 27442 74 9224 449 124
81 36991 88 9044 456 102
82 40177 95 10468 489 110
99 38568 113 11578 389 102
123 57852 133 13307 470 100
110 46579 117 11707 423 100
117 45852 125 13352 391 106
91 36379 101 11001 399 108
106 49019 117 12422 462 106
112 46889 120 11998 418 99
81 39405 94 9954 486 105
111 46508 116 13763 418 118
120 46917 133 14234 390 107
105 45842 116 12277 436 105
101 39721 111 12250 393 110
89 35343 96 10553 397 109
109 47604 120 11922 436 99
83 35085 96 10045 422 104
92 36306 97 10021 394 103
84 44530 100 10798 530 107
86 34257 99 10834 398 109
98 41951 104 10896 428 104
120 58890 132 13142 490 99
108 45811 118 12386 424 104
112 47127 125 12903 420 103
122 54678 132 13209 448 100
115 49255 127 14299 428 112
109 44981 111 11639 412 104
119 52968 135 14136 445 104
124 61909 134 13712 499 102
117 49625 127 12907 424 101
91 33007 99 11040 362 111
93 44024 101 10649 473 105
116 50186 120 12274 432 102
111 47691 125 12891 429 103
101 37648 114 11937 372 104
59 22940 78 9310 388 119
106 50759 113 11977 478 105
101 46363 114 11700 459 102
106 46455 119 12660 438 106
108 43006 118 12596 398 106
104 43058 119 18857 414 158
108 42785 108 10798 396 99
127 62615 140 14476 493 103
101 46411 113 11579 459 102
91 46681 104 11072 512 106
102 49568 113 12059 485 106
78 33892 93 10648 434 114
89 29484 101 10687 331 105
117 52809 129 13460 451 104
110 45662 118 12596 415 106
101 47246 108 11634 467 107
137 63274 147 15637 461 106
142 67926 147 14455 478 98
121 51264 135 13479 423 99
100 46142 110 11828 461 107
134 61871 140 14016 461 100
120 49551 128 12672 412 99
76 33767 91 9410 444 103
126 56471 133 12969 448 97
118 51753 129 13045 438 101
111 50119 122 12386 451 101
103 42158 111 11435 409 103
99 42488 112 12012 429 107
100 40801 112 12273 408 109
124 49481 133 13681 399 102
111 44377 122 12282 399 100
114 48673 124 12528 426 101
105 43693 113 11702 416 103
131 60462 140 13551 461 96
129 61105 141 14298 473 101
117 48031 127 14259 410 112
100 43623 109 11574 436 106
113 46410 119 12167 410 102
126 57170 132 13230 453 100
97 39333 112 11580 405 103
128 58215 135 13259 454 98
122 56696 134 13825 464 103
104 44243 117 12142 425 103
104 39313 115 12244 378 106
114 49233 124 12788 431 103
119 56261 124 12566 472 101
138 61997 147 14364 449 97
134 63941 143 13883 477 97
131 58071 132 13117 443 99
110 47983 121 12426 436 102
107 47761 119 12041 446 101
122 56705 134 13372 464 99
120 49943 133 13083 416 98
95 42626 101 10571 448 104
109 42559 119 12093 390 101
100 44340 109 12329 443 113
89 41440 98 11263 465 114
109 46319 113 11775 424 104
110 43905 115 12083 399 105
111 48832 124 12862 439 103
127 56326 133 13473 443 101
63 29587 80 9224 469 115
77 38763 84 9658 503 114
100 40559 110 10877 405 98
92 42600 107 11538 463 107
112 44197 120 14157 394 117
95 39564 102 10830 416 106
106 46072 116 12367 434 106
117 49848 126 12111 426 96
107 42035 116 11953 392 103
109 42607 119 12969 390 108
63 26547 77 11219 421 145
72 32802 82 9894 455 120
106 50579 112 11486 477 102
97 40298 109 11386 415 104
137 61292 145 14987 447 103
114 49717 123 12472 436 101
89 40955 102 10578 460 103
60 26562 68 7726 442 113
83 36806 90 9759 443 108
128 55597 137 13876 434 101
118 51096 136 14748 433 108
74 37212 83 9073 502 109
126 58270 128 13165 462 102
124 54477 132 13314 439 100
125 52912 138 13753 423 99
95 44656 110 11146 470 101
96 41227 103 10993 429 106
76 33928 86 9566 446 111
83 42043 93 10113 506 108
115 57830 127 13244 502 104
128 58368 140 14185 456 101
117 51669 127 13296 441 104
109 41413 119 12335 379 103
92 30276 104 10888 329 104
148 91786 154 15670 620 101
148 77459 158 15922 523 100
129 58055 136 13678 450 100
103 39739 111 12023 385 108
113 49681 128 12956 439 101
114 46252 123 12695 405 103
126 61070 139 13587 484 97
118 50487 128 12602 427 98
118 56249 127 12763 476 100
139 69545 153 14741 500 96
86 38746 100 10649 450 106
61 19296 66 7667 316 116
96 35986 108 11173 374 103
114 48257 120 12013 423 100
113 42848 123 12328 379 100
88 43127 102 11063 490 108
108 47854 121 12540 443 103
119 51968 130 13786 436 106
93 37531 99 10571 403 106
163 101951 179 17080 625 95
162 98123 172 16571 605 96
137 65002 143 15029 474 105
111 55449 116 11260 499 97
109 44813 117 12485 411 106
122 48567 133 14284 398 107
87 35393 100 11353 406 113
97 38110 105 11049 392 105
127 56420 131 13544 444 103
124 62584 137 13481 504 98
88 41454 98 10316 471 105
112 43680 120 12795 390 106
77 33072 89 9392 429 105
98 42069 112 11907 429 106
105 39557 112 12273 376 109
110 48069 117 12491 436 106
147 73948 158 16081 503 101
121 54737 133 13205 452 99
143 64152 149 14940 448 100
113 45869 119 12664 405 106
72 33618 82 9009 466 109
106 47252 120 12446 445 103
101 43182 115 12097 427 105
100 46109 103 11249 461 109
121 54592 128 14054 451 109
103 37778 116 12590 366 108
118 47078 128 13049 398 101
123 56230 132 13754 457 104
62 20778 78 8999 335 115
68 34567 59 6859 508 116
118 51277 126 12475 434 99
134 59734 146 15359 445 105
109 44863 114 11728 411 102
72 28960 102 10790 402 105
67 30416 80 8665 453 108
70 32327 81 9181 461 113
74 38214 84 9390 516 111
77 33195 94 10545 431 112
66 32480 80 8937 492 111
70 30297 79 8936 432 113
76 30162 90 10180 396 113
77 34714 86 9335 450 108
71 33093 84 9293 466 110
84 38466 86 9117 457 106
60 25406 77 8322 423 108
90 42437 98 10387 471 105
70 30271 85 9212 432 108
69 30067 76 8177 435 107
93 37860 104 10683 407 102
122 50842 121 11861 416 98
109 47877 127 12708 439 100
102 44680 122 12381 438 101
112 48343 115 11713 431 101
113 47400 131 13180 419 100
123 61083 131 13007 496 99
110 40802 122 12622 370 103
106 30700 118 12067 289 102
97 30862 101 10642 318 105
68 27461 83 9120 403 109
74 29257 82 9386 395 114
119 55927 126 12450 469 98
128 58098 142 13839 453 97
103 43781 111 11458 425 103
78 38070 86 9116 488 106
103 43243 114 11441 419 100
91 42137 105 10951 463 104
55 28759 72 8126 522 112
94 35498 104 10961 377 105
101 40687 111 11537 402 103
84 31251 92 9760 372 106
105 41166 113 11504 392 101
106 42073 115 12494 396 108
117 51759 125 12684 442 101
90 40897 100 10041 454 100
100 47728 111 11303 477 101
85 33360 97 10387 392 107
96 43977 107 11029 458 103
87 38285 103 11007 440 106
77 32268 92 9962 419 108
123 54932 133 13349 446 100
65 26373 79 8590 405 108
66 28121 78 8551 426 109
86 38168 96 10180 443 106
74 36649 84 9573 495 113
65 32587 78 9548 501 122
81 35696 94 10466 440 111
93 38031 101 10948 408 108
91 42014 102 10971 461 107
102 43222 111 11552 423 104
96 42369 111 11814 441 106
97 49855 103 10652 513 103
86 46030 107 11519 535 107
74 28873 79 8787 390 111
80 33744 91 9698 421 106
85 39597 94 10846 465 115
75 38671 89 10045 515 112
80 33033 88 9811 412 111
67 27528 78 9485 410 121
73 40618 85 9103 556 107
71 33893 82 8813 477 107
75 40291 83 8502 537 102
89 39675 102 12153 445 119
100 48550 111 12857 485 115
92 48166 103 11063 523 107
72 34750 85 9241 482 108
65 31766 78 8494 488 108
68 27423 82 8905 403 108
69 27690 82 9025 401 110
62 30631 72 8255 494 114
67 29125 80 9985 434 124
54 24663 67 9520 456 142
70 32631 76 9062 466 119
80 34810 94 10883 435 115
89 49559 101 10344 556 102
85 44305 97 10015 521 103
87 44200 97 10059 508 103
91 49454 102 10536 543 103
86 40889 102 11078 475 108
117 55349 123 12506 473 101
124 55999 132 13481 451 102
135 62408 142 13949 462 98
133 61384 142 13995 461 98
101 45477 112 11653 450 104
135 58599 142 13992 434 98
93 42143 104 11157 453 107
70 30046 80 8801 429 110
98 40625 101 10619 414 105
113 48634 128 13709 430 107
112 46477 123 13243 414 107
116 52301 124 14008 450 112
108 47371 121 12414 438 102
91 44373 96 10482 487 109
137 65281 149 15058 476 101
139 57331 147 14621 412 99
89 38687 97 10129 434 104
75 35532 83 9212 473 110
91 48944 99 11274 537 113
114 55028 124 12856 482 103
143 72141 148 15162 504 102
162 92566 171 16684 571 97
125 58356 136 13485 466 99
76 32660 90 9738 429 108
101 41555 109 11462 411 105
99 46864 111 11763 473 105
86 43211 94 9971 502 106
103 53363 117 11847 518 101
99 52428 109 11021 529 101
84 44038 94 9915 524 105
87 44160 104 11126 507 106
76 33234 85 9129 437 107
120 59888 131 13125 499 100
136 61185 143 13669 449 95
97 42851 106 11363 441 107
131 69378 138 14311 529 103
129 61245 140 14717 474 105
163 102184 176 17078 626 97
117 55048 131 12599 470 96
112 47270 129 12968 422 100
75 34898 87 9967 465 114
113 51789 120 12511 458 104
128 61605 137 13710 481 100
117 53980 129 13109 461 101
92 46149 100 10347 501 103
95 49530 101 10436 521 103
77 39831 89 9421 517 105
89 45759 98 10374 514 105
101 55940 111 11576 553 104
84 44519 98 11090 529 113
128 64493 137 14157 503 103
131 64654 142 13921 493 98
129 61155 136 13930 474 102
130 62745 140 14459 482 103
130 60224 139 13697 463 98
124 56630 130 13252 456 101
145 73316 155 15159 505 97
131 62850 140 13660 479 97
119 56013 133 14132 470 106
117 48822 124 13980 417 112
98 41357 111 11942 422 107
95 38162 105 10950 401 104
113 50247 121 12104 444 100
81 37013 93 9994 456 107
77 42056 85 9096 546 107
104 57362 116 12516 551 107
128 61520 136 13970 480 102
109 42365 111 11819 388 106
116 55116 130 12922 475 99
95 44125 104 11403 464 109
136 67026 144 14615 492 101
128 55593 139 13995 434 100
98 53216 113 11396 543 100
107 53693 115 14935 501 129
99 52179 107 11231 527 104
101 40316 120 12165 399 101
117 50270 119 11882 429 99
130 57591 143 14312 443 100
81 42195 96 9905 520 103
126 68105 133 13006 540 97
116 56784 130 13103 489 100
117 64746 126 12462 553 98
121 59038 132 13365 487 101
144 77491 151 14792 538 97
168 93407 176 17206 555 97
137 66079 147 15146 482 103
112 48775 123 12597 435 102
131 57652 140 13704 440 97
112 48962 124 12285 437 99
118 57033 126 12473 483 98
117 48912 139 19158 418 137
138 62512 140 17005 452 121
119 48012 139 18101 403 130
68 28754 70 9405 422 134
104 43473 115 12514 418 108
123 53247 134 13263 432 98
153 82427 161 15603 538 96
165 100142 171 17601 606 102
166 104823 178 17629 631 99
147 75716 156 15952 515 102
137 66380 150 14788 484 98
145 68069 158 15624 469 98
127 59315 137 13393 467 97
129 55372 143 14391 429 100
159 92763 160 15676 583 97
135 66610 142 13838 493 97
129 58781 140 14474 455 103
64 29371 75 8393 458 111
167 96133 173 16603 575 95
150 78807 157 15439 525 98
139 75427 153 15037 542 98
133 59023 142 14726 443 103
131 66547 142 16252 507 114
127 57987 138 14520 456 105
116 47428 123 13759 408 111
135 70518 141 14449 522 102
141 67084 150 15775 475 105
143 63601 148 14249 444 96
103 40833 115 12300 396 106
93 33093 97 10229 355 105
118 52530 130 13023 445 100
88 38399 91 9861 436 108
122 68869 130 13232 564 101
120 53540 134 15360 446 114
114 48700 120 12191 427 101
116 54685 125 12137 471 97
119 54890 130 13369 461 102
109 55708 122 12214 511 100
91 48445 106 10967 532 103
86 42639 96 10455 495 108
82 35326 94 10726 430 114
66 29063 75 8886 440 118
86 32852 101 11282 382 111
119 48728 115 12727 409 110
104 60720 122 12730 583 104
109 51983 116 11693 476 100
127 68397 137 13853 538 101
122 87180 131 13164 714 100
130 76951 131 12813 591 97
127 77507 142 14384 610 101
126 93763 137 14356 744 104
97 51374 116 12397 529 106
94 50465 105 11406 536 108
124 51971 132 13923 419 105
84 44046 94 10144 524 107
92 44159 105 11153 479 106
107 52702 116 13221 492 113
124 58739 128 13631 473 106
111 43902 129 12843 395 99
110 77371 113 11421 703 101
101 59352 115 11618 587 101
95 46158 109 10995 485 100
128 66024 141 13797 515 97
159 83270 167 15949 523 95
146 73210 155 15219 501 98
122 69686 133 13117 571 98
142 73807 151 15165 519 100
150 98917 154 15414 659 100
93 52162 111 11564 560 104
80 33823 88 9340 422 106
70 32353 77 8312 462 107
92 46195 104 10922 502 105
78 36408 93 11043 466 118
69 30501 79 9219 442 116
78 37482 89 9656 480 108
96 40617 108 11055 423 102
106 48261 112 11788 455 105
83 40089 91 9615 483 105
111 45986 115 11649 414 101
88 44542 97 10050 506 103
96 53344 106 10826 555 102
114 53113 127 12547 465 98
122 55423 125 12201 454 97
117 53307 134 13989 455 104
101 41999 108 10526 415 97
154 87350 163 16551 567 101
153 91401 165 16391 597 99
126 64336 139 14132 510 101
117 48650 127 13313 415 104
126 61260 139 13891 486 99
128 60286 141 14304 470 101
119 64418 128 13063 541 102
127 63318 138 14858 498 107
131 62125 142 15780 474 111
133 58719 142 14264 441 100
132 61691 136 14119 467 103
144 70459 156 15821 489 101
121 49649 132 13936 410 105
126 53835 137 13612 427 99
130 61864 143 14047 475 98
152 80839 158 15736 531 99
125 55890 136 13912 447 102
94 46546 112 12441 495 111
105 56171 115 12042 534 104
106 55894 118 11900 527 100
132 61650 144 14025 467 97
145 78249 151 14679 539 97
107 48033 120 12173 448 101
111 45252 115 11651 407 101
126 61466 138 13841 487 100
109 45583 121 12656 418 104
108 51411 122 12771 476 104
120 54779 130 13018 456 100
129 65256 138 13627 505 98
128 57867 140 13770 452 98
133 68412 143 15303 514 107
139 66488 144 15208 478 105
134 56872 149 15001 424 100
134 76568 136 13267 571 97
115 64887 124 12460 564 100
134 67715 143 14279 505 99
129 61288 141 13995 475 99
154 75065 162 16412 487 101
128 60305 136 13818 471 101
118 51417 126 14142 435 112
138 69588 127 14123 504 111
155 78098 164 15693 503 95
155 80432 152 14919 518 98
155 75869 195 18378 489 94
145 73234 151 14859 505 98
165 93908 168 16086 569 95
135 72083 145 14216 533 98
109 46555 121 12280 427 101
131 65604 138 13850 500 100
123 61230 135 13512 497 100
130 63376 143 14365 487 100
139 68012 149 15130 489 101
80 45181 93 9778 564 105
115 55856 123 12668 485 102
132 57988 142 14078 439 99
147 75426 157 15579 513 99
87 42186 99 10714 484 108
126 61388 131 13329 487 101
101 51072 115 12067 505 104
127 56066 136 13639 441 100
155 77872 158 15335 502 97
132 58253 146 20162 441 138
125 58725 134 13482 469 100
119 56561 128 12619 475 98
124 53563 132 13180 431 99
136 59858 151 15205 440 100
127 67697 138 14132 533 102
140 85158 149 15059 608 101
95 42996 106 11107 452 104
122 56239 133 13405 460 100
125 55762 134 13583 446 101
116 50180 123 12207 432 99
122 62093 124 12991 508 104
156 100389 163 16084 643 98
166 100850 174 16889 607 97
132 84658 142 13864 641 97
98 51497 107 10934 525 102
97 48322 114 11484 498 100
97 44813 102 11333 461 111
107 56338 116 11344 526 97
144 75971 155 14893 527 96
128 63345 140 13923 494 99
108 58539 120 12399 542 103
137 59947 142 14100 437 99
129 62153 139 13748 481 98
116 53154 126 12524 458 99
83 36787 97 10214 443 105
101 47764 109 11004 472 100
141 69996 153 15171 496 99
129 58754 141 14732 455 104
123 54834 129 13867 445 107
113 48295 120 12250 427 102
125 55809 131 13268 446 101
140 65904 145 14393 470 99
109 47397 121 12150 434 100
145 74706 154 14934 515 96
142 62617 146 14479 440 99
121 50551 130 13400 417 103
134 61261 146 15290 457 104
140 71015 145 15182 507 104
130 60870 138 13670 468 99
138 59072 146 14561 428 99
93 41962 105 10660 451 101
146 71586 157 15394 490 98
121 62527 131 13201 516 100
113 58562 125 14361 518 114
118 45976 127 13184 389 103
127 55740 139 13612 438 97
125 52227 133 13829 417 103
124 54714 137 13583 441 99
145 76019 153 14735 524 96
126 62031 133 13416 492 100
135 55892 140 14088 414 100
143 65557 156 15175 458 97
117 52167 124 12282 445 99
99 44705 106 10876 451 102
117 45752 124 12329 391 99
99 48990 108 11086 494 102
128 61144 143 14421 477 100
146 73000 145 14255 500 98
119 50001 131 13364 420 102
135 54771 138 13699 405 99
121 54842 138 14055 453 101
115 53716 124 12105 467 97
132 61785 137 13549 468 98
102 44840 110 11080 439 100
104 49384 112 11899 474 106
125 65511 132 22928 524 173
145 71063 161 17919 490 111
107 50891 112 12216 475 109
103 49132 113 11697 477 103
121 57935 137 13533 478 98
120 57876 128 12839 482 100
133 61974 141 14235 465 100
116 56270 130 13495 485 103
86 46055 93 9688 535 104
111 66232 124 12659 596 102
101 59489 110 10974 589 99
111 63196 119 12602 569 105
125 62147 132 13133 497 99
122 60891 129 12804 499 99
105 50390 122 12195 479 99
89 47050 101 10652 528 105
135 72870 142 14449 539 101
138 68196 150 14971 494 99
137 66770 145 14441 487 99
95 49381 106 11024 519 104
140 69854 152 14970 498 98
125 57849 132 12976 462 98
110 64479 124 12710 586 102
118 58922 124 12836 499 103
123 57839 133 13749 470 103
136 63262 144 15050 465 104
109 53654 123 13102 492 106
116 60984 119 12455 525 104
141 70831 157 16736 502 106
132 62346 150 15123 472 100
136 68257 138 13727 501 99
128 58386 140 13568 456 96
137 64269 151 15119 469 100
85 38034 96 10060 447 104
98 43190 105 11061 440 105
86 45410 101 11398 528 112
79 37595 85 10110 475 118
131 61914 140 14864 472 106
111 54145 122 12632 487 103
123 54554 131 13121 443 100
113 52001 126 12861 460 102
109 46948 116 12384 430 106
130 66057 138 13576 508 98
146 73764 162 15580 505 96
117 55338 134 13521 472 100
130 58034 136 13508 446 99
106 42492 112 11920 400 106
59 30241 78 8654 512 110
89 46247 95 10958 519 115
111 58885 122 11987 530 98
84 40523 96 10709 482 111
89 46791 96 11806 525 122
101 50668 115 12448 501 108
101 55152 108 11791 546 109
142 71332 151 15107 502 100
106 50550 118 12232 476 103
82 43274 95 9830 527 103
117 59272 125 12774 506 102
148 66193 158 16043 447 101
127 60479 136 13496 476 99
125 73799 138 14265 590 103
154 82115 163 15798 533 96
164 96158 172 16398 586 95
143 73879 151 14693 516 97
138 66642 143 14087 482 98
125 54188 138 14045 433 101
121 55488 122 13059 458 107
130 54117 139 13972 416 100
136 63470 141 13681 466 97
119 53599 132 13156 450 99
137 66712 145 14531 486 100
161 70896 165 20151 440 122
132 59616 145 14804 451 102
148 73625 155 14931 497 96
99 44174 109 11477 446 105
111 50963 122 12749 459 104
107 44356 113 12023 414 106
92 47537 102 10535 516 103
97 48329 107 11971 498 111
112 52737 126 12913 470 102
97 51569 109 10900 531 100
130 72622 133 13133 558 98
142 76224 156 15008 536 96
136 67189 147 14452 494 98
101 51767 113 11192 512 99
133 62946 137 14141 473 103
132 78023 143 14486 591 101
130 60892 137 13167 468 96
146 72951 161 16203 499 100
148 76794 157 15309 518 97
124 62242 134 13229 501 98
130 62561 141 13570 481 96
116 71774 128 12702 618 99
71 37826 85 8929 532 105
99 46314 108 11781 467 109
91 44647 98 10356 490 105
125 56558 137 13801 452 100
163 84961 174 17063 521 98
132 72423 142 14350 548 101
99 54546 109 11023 550 101
122 59810 132 13173 490 99
136 66488 138 13745 488 99
112 54283 127 12941 484 101
94 42459 102 10571 451 103
133 88649 139 13855 666 99
156 80139 163 15349 513 94
157 76280 163 15826 485 97
145 74267 154 15083 512 97
158 96300 167 16101 609 96
125 64901 136 13336 519 98
121 56705 137 13412 468 97
101 63659 108 11850 630 109
102 54111 110 11352 530 103
97 44827 109 11590 462 106
118 53325 124 12640 451 101
138 64947 149 14205 470 95
122 61136 125 12711 501 101
105 54350 125 12391 517 99
101 46256 112 11361 457 101
108 49237 116 12241 455 105
118 55157 132 13577 467 102
128 59594 137 13913 465 101
143 66642 150 14857 466 99
133 63533 143 14019 477 98
164 92315 166 16383 562 98
162 105210 170 18720 649 110
160 82035 168 16743 512 99
147 71175 155 14967 484 96
124 59071 135 13310 476 98
136 63265 145 14805 465 102
131 57288 139 13839 437 99
142 63147 151 15483 444 102
117 50852 129 12495 434 96
134 66602 148 15105 497 102
134 70148 145 14127 523 97
131 62429 139 13726 476 98
131 59228 139 13628 452 98
112 54351 121 12856 485 106
119 60310 129 13022 506 100
133 61494 136 13892 462 102
115 51465 127 12801 447 100
112 56779 124 12717 506 102
88 46117 96 10188 524 106
98 50212 113 11585 512 102
85 40544 97 10104 476 104
136 62429 140 14149 459 101
102 54570 117 12449 535 106
107 62875 113 11960 587 105
93 48330 111 12126 519 109
90 47583 102 11304 528 110
80 40935 88 9104 511 103
82 38901 96 10500 474 109
96 45345 103 13150 472 127
106 50877 123 12928 479 105
107 51802 113 11788 484 104
115 61603 125 12594 535 100
99 58642 112 11398 592 101
142 76014 150 14549 535 96
132 68694 141 14418 520 102
141 68432 149 14913 485 100
141 72423 151 15606 513 103
118 65010 129 13246 550 102
110 64467 118 12635 586 107
95 48172 104 11935 507 114
107 59712 118 14328 558 121
114 54952 120 13610 482 113
153 72856 161 16536 476 102
155 82673 159 16432 533 103
75 38843 91 11133 517 122
113 51575 118 12807 456 108
120 58707 135 17157 489 127
105 58180 122 12427 554 101
142 77419 145 14113 545 97
155 79694 162 15712 514 96
145 79426 162 16816 547 103
112 53380 116 12899 476 111
129 67227 144 14502 521 100
137 65040 146 14302 474 97
134 62066 141 13604 463 96
134 73599 148 14362 549 97
132 66449 141 13920 503 98
156 82007 166 16201 525 97
132 65580 141 13988 496 99
157 93878 168 16192 597 96
158 93316 174 16886 590 97
144 72259 151 14742 501 97
162 71417 161 17327 440 107
141 72660 159 16346 515 102
135 63901 143 14252 473 99
120 52495 129 13105 437 101
134 63220 146 14478 471 99
134 62183 140 14435 464 103
135 68759 148 14716 509 99
136 65123 146 14811 478 101
140 70375 152 15354 502 101
142 71812 146 14916 505 102
126 63087 145 14622 500 100
90 50386 100 10127 559 101
70 35774 79 8564 511 108
107 50698 120 12680 473 105
119 61356 121 12294 515 101
136 73132 149 14789 537 99
140 71072 152 15032 507 98
143 81749 148 15434 571 104
138 73916 157 15341 535 97
156 79941 160 16465 512 102
160 96526 170 16360 603 96
139 68929 151 14615 495 96
133 61190 141 14277 460 101
140 66975 146 14219 478 97
164 94957 172 16870 579 98
144 75042 160 15571 521 97
173 96550 178 16966 558 95
168 94048 176 16965 559 96
146 75629 156 15215 518 97
152 88861 159 15681 584 98
168 112717 164 15888 670 96
154 94553 86 9022 613 104
186 137588 331 30020 739 90
171 119580 160 14986 699 93
190 126782 234 22705 667 97
186 101734 190 19117 546 100
6 347 8 2749 57 343
10 607 4 241 60 60
0 0 0 0 0 0
0 0 0 0 0 0
0 0 0 0 0 0
0 0 0 0 0 0
41 8046 58 49380 196 851
0 0 0 0 0 0
0 0 0 0 0 0
0 0 0 0 0 0
14 6299 10 3012 449 301
6 2806 11 2876 467 261
0 0 0 0 0 0
0 0 0 0 0 0
0 0 0 0 0 0
