6 1 11 60 3 7 3799 57 10704 60 3 7 6 1 12 65 3 7 5400 52 21280 65 3 7 212 52 354 256 52 525
5 0 11 60 4 7 3734 26 10715 60 4 7 6 0 12 63 4 7 5334 0 21289 63 4 7 203 26 352 247 0 524
6 1 11 70 3 5 3740 58 10713 70 3 5 6 1 12 71 3 5 5337 52 21288 71 3 5 206 52 351 248 52 524
5 0 11 75 3 5 3651 0 10728 75 3 5 5 0 10 75 3 4 3809 26 17274 75 3 4 197 0 349 208 26 465
5 0 11 81 3 4 3627 0 10730 81 3 4 5 1 10 83 2 4 3792 52 17276 83 2 4 194 0 346 203 52 462
5 1 10 86 2 2 3333 52 9609 86 2 2 5 1 10 91 2 2 3784 52 17277 91 2 2 192 52 339 204 52 461
4 0 8 87 3 2 2938 0 6985 87 3 2 5 0 10 92 2 2 3156 0 16410 92 2 2 179 0 333 158 0 352
3 0 6 99 3 2 2686 0 6983 99 3 2 3 0 7 104 2 2 837 0 2880 104 2 2 164 0 334 60 0 137
1 0 5 111 3 2 1236 0 5608 111 3 2 1 0 5 115 2 2 158 0 490 115 2 2 79 0 224 28 0 58
0 0 1 120 2 2 73 0 152 120 2 2 0 0 1 125 2 2 68 0 237 125 2 2 36 0 71 27 0 59
0 0 1 115 2 2 92 0 244 115 2 2 0 0 1 120 2 2 109 0 594 120 2 2 38 0 74 30 0 76
0 0 1 114 3 2 91 0 242 114 3 2 0 0 1 122 2 2 108 0 593 122 2 2 37 0 73 30 0 75
0 0 1 114 3 2 93 0 245 114 3 2 0 0 1 124 2 2 111 0 595 124 2 2 37 0 72 30 0 75
0 0 1 114 3 2 87 0 237 114 3 2 0 0 1 124 2 2 98 0 558 124 2 2 35 0 68 28 0 63
0 0 1 114 3 2 84 0 233 114 3 2 0 0 1 124 2 2 96 0 557 124 2 2 35 0 69 27 0 63
0 0 1 119 2 2 86 0 233 119 2 2 0 0 1 127 2 2 99 0 558 127 2 2 36 0 68 28 0 62
0 0 1 117 2 2 99 0 270 117 2 2 0 0 1 129 2 2 111 0 582 129 2 2 38 0 72 30 0 66
0 0 1 119 2 2 98 0 271 119 2 2 0 0 1 131 2 2 110 0 582 131 2 2 38 0 73 30 0 67
0 0 1 119 2 2 96 0 270 119 2 2 0 0 1 131 2 2 111 0 582 131 2 2 37 0 72 30 0 67
0 0 1 119 2 2 95 0 270 119 2 2 0 0 1 134 2 2 110 0 582 134 2 2 35 0 69 30 0 66
0 0 1 117 3 2 74 0 190 117 3 2 0 0 1 132 2 2 69 0 206 132 2 2 32 0 62 26 0 45
0 0 1 121 2 2 77 0 191 121 2 2 0 0 1 133 2 2 70 0 206 133 2 2 35 0 67 28 0 47
0 0 1 124 2 2 76 0 189 124 2 2 0 0 1 136 2 1 67 0 199 136 2 1 37 0 72 28 0 47
0 0 1 121 2 2 75 0 189 121 2 2 0 0 1 134 2 1 65 0 199 134 2 1 35 0 71 27 0 46
0 0 1 124 2 1 77 0 189 124 2 1 0 0 1 140 2 1 67 0 199 140 2 1 36 0 73 28 0 47
0 0 1 119 2 1 76 0 189 119 2 1 0 0 1 134 2 1 66 0 200 134 2 1 35 0 71 27 0 45
0 0 1 118 3 2 62 0 125 118 3 2 0 0 1 131 2 2 52 0 102 131 2 2 34 0 70 25 0 39
0 0 1 120 2 2 77 0 182 120 2 2 0 0 1 131 2 1 66 0 195 131 2 1 37 0 74 27 0 44
0 0 1 116 3 2 78 0 186 116 3 2 0 0 1 130 2 2 66 0 195 130 2 2 38 0 76 27 0 44
0 0 1 115 3 2 93 0 262 115 3 2 0 0 1 127 2 2 111 0 880 127 2 2 42 0 85 30 0 68
0 0 1 116 2 2 93 0 261 116 2 2 0 0 1 128 2 2 113 0 880 128 2 2 43 0 85 30 0 69
0 0 1 114 3 2 94 0 265 114 3 2 0 0 1 125 2 2 116 0 885 125 2 2 43 0 96 30 0 69
0 0 1 113 3 2 93 0 264 113 3 2 0 0 1 120 2 2 116 0 885 120 2 2 43 0 95 30 0 69
0 0 1 115 2 2 102 0 282 115 2 2 0 0 1 119 2 2 122 0 887 119 2 2 45 0 96 31 0 70
0 0 1 114 2 2 105 0 285 114 2 2 0 0 1 118 2 2 126 0 888 118 2 2 46 0 97 32 0 72
0 0 1 114 2 2 103 0 284 114 2 2 0 0 1 122 2 2 124 0 888 122 2 2 46 0 97 32 0 71
1 0 2 111 2 2 429 0 1399 111 2 2 1 0 2 115 2 2 180 0 911 115 2 2 77 0 158 37 0 77
2 0 3 96 2 2 814 0 1801 96 2 2 2 0 3 102 2 2 248 0 925 102 2 2 115 0 191 42 0 74
3 1 4 86 2 2 1522 52 2647 86 2 2 3 1 5 90 2 2 364 52 967 90 2 2 165 52 226 49 52 74
4 1 5 75 2 2 2266 140 3188 75 2 2 4 1 5 78 2 2 436 92 538 78 2 2 216 85 250 52 69 53
5 3 5 65 2 1 2734 318 3220 65 2 1 5 3 6 67 2 2 522 242 549 67 2 2 260 192 255 58 84 52
6 8 5 53 2 1 3355 3421 3284 53 2 1 6 8 6 57 2 2 624 680 556 57 2 2 306 397 250 64 85 48
7 9 5 40 2 1 3921 4399 3179 40 2 1 8 9 6 46 2 1 722 850 543 46 2 1 354 449 242 70 85 46
9 10 5 28 2 1 4562 5264 3027 28 2 1 9 11 5 34 2 1 833 946 522 34 2 1 399 471 220 75 85 41
10 12 4 16 3 2 5238 5721 2714 16 3 2 10 12 5 18 2 1 947 1047 470 18 2 1 444 492 188 80 86 35
11 12 3 6 2 0 5949 6211 2165 6 2 0 12 13 4 4 3 1 1073 1104 378 4 3 1 492 505 125 87 87 27
12 13 3 0 0 0 6363 6481 1799 0 0 0 12 13 3 0 0 0 1141 1144 322 0 0 0 510 513 76 88 87 5
12 13 2 0 0 0 6777 6891 1702 0 0 0 13 13 3 0 0 0 1178 1177 311 0 0 0 527 529 77 88 87 4
12 13 2 0 0 0 6544 6661 1765 0 0 0 13 13 3 0 0 0 1158 1163 317 0 0 0 517 517 80 88 87 5
12 12 3 0 0 0 6148 6316 1898 0 0 0 12 13 3 0 0 0 1119 1105 329 0 0 0 502 504 84 88 87 5
12 13 3 0 0 0 6475 6608 1950 0 0 0 12 13 3 0 0 0 1145 1133 327 0 0 0 516 514 90 88 87 4
12 13 3 0 0 0 6685 6891 2053 0 0 0 13 13 3 0 0 0 1163 1160 327 0 0 0 523 525 92 88 87 4
12 13 3 0 0 0 6447 6792 2258 0 0 0 12 13 3 0 0 0 1153 1138 352 0 0 0 507 512 102 88 87 7
12 12 3 0 0 0 6320 6639 2537 0 0 0 12 13 3 0 0 0 1133 1105 363 0 0 0 501 511 114 88 87 7
12 13 3 0 0 0 6415 6848 2606 0 0 0 12 13 3 0 0 0 1137 1105 371 0 0 0 506 519 117 88 87 7
11 12 3 0 0 0 6036 6072 2728 0 0 0 12 12 3 0 0 0 1088 1059 377 0 0 0 497 508 123 88 87 7
11 11 3 0 0 0 5802 5158 2745 0 0 0 11 12 3 0 0 0 1061 1020 369 0 0 0 489 482 125 88 87 7
11 11 3 0 0 0 5794 4947 3032 0 0 0 11 12 3 0 0 0 1064 1020 376 0 0 0 484 471 125 89 87 7
11 11 3 0 0 0 6029 5372 3064 0 0 0 12 12 3 0 0 0 1088 1057 381 0 0 0 492 486 125 88 87 7
12 12 3 0 0 0 6552 6610 3087 0 0 0 12 12 3 0 0 0 1137 1105 382 0 0 0 509 515 125 88 87 7
12 12 3 0 0 0 6173 5492 3058 0 0 0 12 12 3 0 0 0 1111 1079 381 0 0 0 492 491 120 88 87 7
11 11 3 0 0 0 5760 4994 2977 0 0 0 12 12 3 0 0 0 1075 1036 372 0 0 0 475 466 118 88 87 7
11 12 3 0 0 0 6154 5412 3005 0 0 0 12 12 3 0 0 0 1102 1079 344 0 0 0 493 489 115 88 87 4
12 12 3 0 0 0 6295 5665 2801 0 0 0 12 12 3 0 0 0 1119 1092 335 0 0 0 501 496 105 88 87 4
12 12 3 0 0 0 6199 5580 2804 0 0 0 12 12 3 0 0 0 1109 1096 335 0 0 0 498 490 104 88 87 4
12 12 3 0 0 0 6324 5667 2741 0 0 0 12 12 3 0 0 0 1121 1105 329 0 0 0 503 493 99 88 88 4
12 12 3 0 0 0 6451 5875 2702 0 0 0 12 13 3 0 0 0 1134 1106 331 0 0 0 508 502 97 88 88 4
12 12 2 0 0 0 6232 5825 2308 0 0 0 12 13 3 0 0 0 1120 1105 317 0 0 0 501 499 90 88 88 4
11 12 2 0 0 0 6069 5693 2256 0 0 0 12 12 3 0 0 0 1102 1092 316 0 0 0 496 492 88 88 88 4
11 11 2 0 0 0 5727 5469 2053 0 0 0 12 12 3 0 0 0 1073 1059 306 0 0 0 485 486 83 88 88 4
11 12 2 0 0 0 5926 5671 2025 0 0 0 12 12 3 0 0 0 1095 1092 305 0 0 0 490 492 81 88 88 4
11 12 2 0 0 0 6004 5709 1973 0 0 0 12 12 3 0 0 0 1102 1092 302 0 0 0 495 493 78 88 88 4
11 12 2 0 0 0 5820 5645 1767 0 0 0 12 12 3 0 0 0 1087 1078 297 0 0 0 488 486 73 88 88 4
11 12 2 0 0 0 5659 5477 1712 0 0 0 12 12 3 1 1 0 1069 1049 303 1 1 0 483 482 72 88 88 6
11 12 2 0 0 0 5736 5497 1768 0 0 0 12 12 3 5 1 0 1075 1049 341 5 1 0 486 484 76 87 88 10
11 12 2 0 0 0 5933 5614 1800 0 0 0 12 12 3 5 1 0 1109 1092 396 5 1 0 492 490 79 88 88 15
11 12 2 0 0 0 5852 5576 1771 0 0 0 12 12 3 5 1 0 1096 1072 401 5 1 0 492 491 78 88 88 15
12 12 2 0 0 0 6068 5649 1955 0 0 0 12 12 3 5 1 0 1112 1091 404 5 1 0 501 497 83 88 88 15
11 12 2 0 0 0 6047 5599 1947 0 0 0 12 12 3 5 1 0 1110 1092 399 5 1 0 501 496 83 88 88 15
11 12 2 0 0 0 5992 5599 1944 0 0 0 12 12 3 5 1 0 1109 1092 397 5 1 0 497 492 83 88 88 15
11 12 2 0 0 0 5981 5604 1929 0 0 0 12 12 3 5 1 0 1106 1092 389 5 1 0 497 492 82 88 88 15
12 12 2 0 0 0 6226 5738 2257 0 0 0 12 13 3 5 1 0 1128 1108 398 5 1 0 505 495 88 88 88 15
12 12 3 0 0 0 6426 5926 2331 0 0 0 12 13 3 5 1 0 1148 1128 400 5 1 0 512 501 89 88 88 15
12 12 2 0 0 0 6655 6203 2354 0 0 0 13 13 3 4 1 0 1167 1171 390 4 1 0 521 509 91 88 88 14
12 12 2 0 0 0 6633 6245 2302 0 0 0 13 13 3 0 0 0 1170 1164 355 0 0 0 518 509 87 89 88 12
12 12 2 0 0 0 6554 6145 2253 0 0 0 12 13 3 0 0 0 1151 1143 295 0 0 0 516 505 84 88 87 4
12 12 2 0 0 0 6698 6298 2297 0 0 0 13 13 3 0 0 0 1169 1174 292 0 0 0 518 504 87 88 87 4
12 12 2 0 0 0 6583 6192 2238 0 0 0 13 13 3 0 0 0 1161 1143 289 0 0 0 514 502 85 88 87 4
12 13 2 0 0 0 6714 6370 2197 0 0 0 13 13 3 0 0 0 1176 1163 287 0 0 0 517 509 84 88 88 4
13 13 2 0 0 0 6876 6503 2155 0 0 0 13 13 3 0 0 0 1192 1177 285 0 0 0 522 513 81 88 88 4
12 13 2 0 0 0 6845 6458 2158 0 0 0 13 13 3 0 0 0 1191 1176 291 0 0 0 522 512 82 88 87 4
12 13 2 0 0 0 6759 6434 1852 0 0 0 13 13 3 0 0 0 1185 1168 287 0 0 0 519 512 76 88 87 4
12 13 2 0 0 0 6672 6370 1832 0 0 0 13 13 3 0 0 0 1177 1163 295 0 0 0 515 510 76 88 87 4
13 13 2 0 0 0 6787 6520 2093 0 0 0 13 13 3 0 0 0 1190 1177 304 0 0 0 517 512 76 88 87 4
12 13 2 0 0 0 6690 6412 2135 0 0 0 13 13 3 0 0 0 1177 1171 307 0 0 0 516 511 77 88 87 4
12 13 3 0 0 0 6655 6422 2163 0 0 0 13 13 3 0 0 0 1164 1153 317 0 0 0 521 518 76 88 87 4
12 12 2 0 0 0 6463 6189 2100 0 0 0 12 13 3 0 0 0 1148 1144 310 0 0 0 513 512 75 88 88 4
12 12 3 0 0 0 6407 6094 2059 0 0 0 12 13 3 0 0 0 1142 1144 313 0 0 0 512 511 74 88 87 4
12 12 2 0 0 0 6436 6133 2096 0 0 0 12 13 3 0 0 0 1139 1127 319 0 0 0 514 511 75 88 87 4
12 12 2 0 0 0 6397 6099 2053 0 0 0 12 13 3 0 0 0 1137 1120 323 0 0 0 513 512 74 88 87 4
12 13 2 0 0 0 6589 6300 2116 0 0 0 12 13 3 0 0 0 1152 1144 333 0 0 0 519 519 75 88 87 4
12 12 3 0 0 0 6567 6300 2148 0 0 0 12 13 3 0 0 0 1142 1133 335 0 0 0 524 522 77 88 87 4
12 12 3 0 0 0 6567 6280 2125 0 0 0 12 13 3 0 0 0 1144 1127 330 0 0 0 524 522 77 88 88 4
12 12 2 0 0 0 6410 6154 1828 0 0 0 12 13 3 0 0 0 1128 1105 325 0 0 0 521 521 73 88 88 4
12 12 2 0 0 0 6546 6294 1840 0 0 0 12 13 3 0 0 0 1139 1111 321 0 0 0 524 524 73 88 88 4
12 13 2 0 0 0 6585 6339 1825 0 0 0 13 13 3 0 0 0 1157 1134 317 0 0 0 518 518 75 88 88 4
12 13 2 0 0 0 6681 6434 1772 0 0 0 13 13 3 0 0 0 1165 1135 313 0 0 0 522 522 72 88 88 4
12 13 2 0 0 0 6585 6362 1808 0 0 0 13 13 3 0 0 0 1158 1133 310 0 0 0 518 518 75 88 88 4
12 12 2 0 0 0 6443 6268 1825 0 0 0 12 13 3 0 0 0 1142 1121 316 0 0 0 514 514 74 88 88 4
12 12 2 0 0 0 6400 6232 1836 0 0 0 12 13 3 0 0 0 1136 1119 315 0 0 0 514 513 75 88 88 4
12 12 2 0 0 0 6238 6148 1753 0 0 0 12 13 3 0 0 0 1123 1105 304 0 0 0 508 508 73 88 88 4
12 12 2 0 0 0 6236 6149 1703 0 0 0 12 13 3 0 0 0 1160 1127 400 0 0 0 501 505 70 89 88 14
12 12 3 0 0 0 6270 6132 1838 0 0 0 12 13 3 0 0 0 1217 1123 1339 0 0 0 502 505 75 90 88 26
12 12 3 0 0 0 6412 6225 1888 0 0 0 13 13 3 0 0 0 1254 1144 1463 0 0 0 507 506 81 91 88 30
12 13 3 0 0 0 6500 6276 1927 0 0 0 13 13 3 0 0 0 1266 1150 1465 0 0 0 510 507 82 91 88 30
12 13 3 0 0 0 6841 6608 2052 0 0 0 13 13 3 0 0 0 1287 1164 1463 0 0 0 525 519 86 91 87 30
13 13 3 0 0 0 7052 6865 2155 0 0 0 13 13 3 0 0 0 1302 1177 1462 0 0 0 532 526 90 91 88 30
13 13 3 0 0 0 7166 7005 2122 0 0 0 13 14 3 0 0 0 1348 1191 1498 0 0 0 535 529 89 93 88 35
13 13 2 0 0 0 7394 7280 2130 0 0 0 14 14 3 0 0 0 1370 1223 1493 0 0 0 541 537 91 93 88 35
13 13 3 0 0 0 7185 7307 2538 0 0 0 13 14 4 0 0 0 1335 1206 1507 0 0 0 532 537 106 93 88 35
12 13 4 0 0 0 6826 7269 2936 0 0 0 13 13 4 0 0 0 1287 1190 1520 0 0 0 515 531 127 93 87 35
11 13 4 0 0 0 6352 6953 3296 0 0 0 12 13 5 0 0 0 1195 1105 1514 0 0 0 496 519 142 91 87 33
11 12 4 0 0 0 5794 6458 3507 0 0 0 11 12 5 0 0 0 1067 1025 832 0 0 0 470 492 155 90 86 24
10 11 4 2 1 0 5116 5126 3575 2 1 0 10 11 5 1 1 0 964 935 588 1 1 0 439 447 159 90 86 19
9 7 4 2 1 0 4381 2163 3503 2 1 0 9 8 4 2 1 0 873 719 581 2 1 0 406 368 159 90 86 20
8 6 4 2 1 0 3605 1943 3157 2 1 0 8 7 4 2 1 0 790 602 563 2 1 0 371 343 146 90 85 20
7 6 4 2 1 0 2943 1851 2725 2 1 0 7 6 4 2 1 0 714 582 542 2 1 0 342 325 130 90 85 20
6 6 3 2 1 0 2459 1803 2400 2 1 0 6 6 3 2 1 0 613 517 331 2 1 0 323 314 120 88 85 9
5 5 2 2 1 0 1831 1761 1447 2 1 0 6 6 2 3 1 0 535 510 245 3 1 0 296 304 89 88 85 10
5 5 1 2 1 0 1591 1709 898 2 1 0 5 6 2 4 1 0 505 510 203 4 1 0 283 296 75 88 85 12
5 5 1 2 1 0 1502 1709 576 2 1 0 5 6 1 4 1 0 493 509 184 4 1 0 279 293 68 88 85 12
5 5 1 2 1 0 1495 1711 591 2 1 0 5 6 2 5 1 0 488 497 189 5 1 0 280 294 68 88 85 12
5 5 1 2 1 0 1522 1732 578 2 1 0 5 6 1 5 1 0 492 509 182 5 1 0 282 297 68 87 85 12
5 5 1 0 0 0 1513 1727 580 0 0 0 5 6 1 5 1 0 486 500 177 5 1 0 283 298 66 87 85 12
5 5 1 3 1 0 1549 1743 680 3 1 0 5 6 2 10 1 0 490 497 270 10 1 0 287 304 70 86 85 20
5 5 1 3 1 0 1563 1757 777 3 1 0 5 5 3 15 1 0 500 497 333 15 1 0 290 306 83 85 85 22
5 5 1 3 1 0 1579 1767 773 3 1 0 5 6 3 15 1 0 500 497 332 15 1 0 293 310 83 85 85 22
5 5 1 3 1 0 1595 1771 767 3 1 0 5 5 3 15 1 0 501 497 332 15 1 0 296 311 83 85 85 22
5 5 1 3 1 0 1629 1781 751 3 1 0 5 6 3 14 1 0 508 497 331 14 1 0 299 314 82 85 85 21
5 5 1 3 1 0 1630 1781 746 3 1 0 5 6 3 13 1 0 510 509 329 13 1 0 298 313 82 85 85 20
5 5 1 3 1 0 1646 1789 734 3 1 0 5 6 3 13 1 0 512 510 329 13 1 0 300 314 81 85 85 20
5 5 1 3 1 0 1632 1781 740 3 1 0 5 6 3 12 1 0 513 510 328 12 1 0 298 311 82 85 85 20
5 5 1 3 1 0 1631 1787 740 3 1 0 5 6 3 13 1 0 513 510 330 13 1 0 298 311 81 85 85 20
5 5 1 3 1 0 1650 1789 725 3 1 0 5 6 3 12 1 0 519 510 330 12 1 0 299 310 81 85 85 20
5 5 1 0 0 0 1666 1799 609 0 0 0 5 6 2 6 1 0 523 510 256 6 1 0 302 313 76 87 85 12
5 5 1 0 0 0 1614 1797 547 0 0 0 5 6 1 1 1 0 499 510 175 1 1 0 298 313 65 88 85 8
5 5 1 0 0 0 1619 1799 543 0 0 0 5 6 1 1 1 0 500 510 175 1 1 0 298 312 64 88 85 8
5 5 1 0 0 0 1601 1793 548 0 0 0 5 6 1 1 1 0 502 510 177 1 1 0 294 307 64 88 85 8
5 5 1 0 0 0 1594 1785 544 0 0 0 5 6 1 1 1 0 503 510 179 1 1 0 292 305 64 88 85 8
5 5 1 0 0 0 1642 1797 543 0 0 0 5 6 1 1 1 0 517 510 272 1 1 0 297 310 61 89 85 13
5 5 1 0 0 0 1651 1801 545 0 0 0 5 6 1 1 1 0 518 510 272 1 1 0 298 311 61 89 85 13
5 5 1 0 0 0 1673 1809 533 0 0 0 5 6 1 1 1 0 521 510 271 1 1 0 301 314 60 88 85 13
5 5 1 0 0 0 1682 1813 528 0 0 0 5 6 1 2 1 0 520 510 272 2 1 0 302 317 61 88 85 14
5 5 1 0 0 0 1654 1811 568 0 0 0 5 6 2 4 1 0 519 510 281 4 1 0 299 314 63 88 85 16
5 5 1 0 0 0 1650 1803 569 0 0 0 5 6 2 4 1 0 517 510 280 4 1 0 298 314 63 88 85 16
5 5 1 0 0 0 1688 1813 516 0 0 0 5 6 1 5 1 0 529 510 276 5 1 0 301 315 61 88 85 16
5 5 1 0 0 0 1577 1781 613 0 0 0 5 6 2 7 1 0 506 510 287 7 1 0 291 310 67 88 85 18
5 5 2 1 1 0 1563 1767 627 1 1 0 5 6 2 8 1 0 500 510 288 8 1 0 289 309 68 88 85 18
5 5 2 1 1 0 1558 1783 635 1 1 0 5 6 2 8 1 0 497 497 288 8 1 0 290 311 69 88 85 18
5 5 1 1 1 0 1529 1777 627 1 1 0 5 6 2 10 1 0 484 497 203 10 1 0 288 305 69 87 85 16
5 5 1 1 1 0 1521 1777 627 1 1 0 5 6 2 10 1 0 482 497 201 10 1 0 288 308 69 87 85 16
5 5 1 1 1 0 1511 1773 622 1 1 0 5 6 2 10 1 0 482 497 199 10 1 0 286 303 69 87 85 16
5 5 1 1 1 0 1500 1765 623 1 1 0 5 6 2 10 1 0 481 497 200 10 1 0 285 302 68 87 85 16
5 5 1 1 1 0 1462 1741 636 1 1 0 5 5 2 10 1 0 470 497 194 10 1 0 281 296 69 87 85 16
5 5 1 1 1 0 1453 1723 638 1 1 0 5 6 2 11 1 0 470 497 196 11 1 0 280 296 70 87 85 16
5 5 1 1 1 0 1457 1723 632 1 1 0 5 6 2 10 1 0 472 497 193 10 1 0 280 295 68 87 85 16
5 5 1 1 1 0 1570 1773 572 1 1 0 5 6 1 8 1 0 494 510 181 8 1 0 290 306 66 87 85 14
5 5 1 0 0 0 1596 1788 553 0 0 0 5 6 1 7 1 0 498 510 177 7 1 0 294 310 65 87 85 14
5 5 1 0 0 0 1608 1791 546 0 0 0 5 6 1 7 1 0 502 510 179 7 1 0 295 310 65 87 85 14
5 5 1 0 0 0 1634 1795 527 0 0 0 5 6 1 6 1 0 505 510 174 6 1 0 298 313 64 87 85 12
5 5 1 0 0 0 1599 1777 554 0 0 0 5 6 1 7 1 0 497 510 179 7 1 0 295 309 66 87 85 13
5 5 1 1 1 0 1626 1795 575 1 1 0 5 6 2 7 1 0 519 509 323 7 1 0 296 314 68 88 85 20
5 5 1 1 1 0 1597 1777 596 1 1 0 5 6 2 6 1 0 513 497 327 6 1 0 292 309 69 88 85 19
5 5 1 1 1 0 1640 1793 554 1 1 0 5 6 2 5 1 0 521 509 321 5 1 0 297 313 65 88 85 19
5 5 1 2 1 0 1621 1789 568 2 1 0 5 6 2 5 1 0 518 509 323 5 1 0 295 309 67 88 85 19
5 5 2 3 1 0 1554 1765 627 3 1 0 5 6 2 8 1 0 502 497 330 8 1 0 289 306 71 88 85 20
5 5 2 3 1 0 1527 1749 631 3 1 0 5 6 2 8 1 0 501 497 331 8 1 0 285 302 70 88 85 20
5 5 2 3 1 0 1454 1713 666 3 1 0 5 5 2 10 1 0 488 477 336 10 1 0 277 291 72 88 85 21
5 5 2 3 1 0 1432 1701 670 3 1 0 5 5 2 11 1 0 485 480 335 11 1 0 275 287 71 88 85 21
4 5 2 3 1 0 1405 1681 680 3 1 0 5 5 2 10 1 0 480 476 337 10 1 0 273 285 73 88 85 21
5 5 2 3 1 0 1428 1703 672 3 1 0 5 5 2 9 1 0 485 497 335 9 1 0 274 289 72 88 85 21
4 5 1 2 1 0 1430 1708 642 2 1 0 5 6 2 9 1 0 466 497 196 9 1 0 277 292 71 87 85 14
4 5 2 4 8 11 1374 1687 756 4 8 11 5 5 2 10 3 8 459 484 345 10 3 8 261 289 97 83 85 37
4 5 3 13 4 9 1290 1624 834 13 4 9 4 5 3 16 4 8 645 450 3784 16 4 8 246 277 122 96 85 229
5 5 6 16 4 8 1310 1533 1112 16 4 8 5 5 7 18 4 8 2620 464 15538 18 4 8 232 252 139 157 85 376
5 5 6 15 4 8 1833 1618 2494 15 4 8 6 6 7 15 4 9 3373 510 15666 15 4 9 259 270 205 214 85 424
7 5 8 15 4 8 3835 1729 6803 15 4 8 7 6 9 15 4 9 3500 535 15648 15 4 9 338 293 321 214 85 424
6 5 8 25 4 7 3735 1659 6847 25 4 7 7 6 9 22 4 7 3465 510 15655 22 4 7 317 276 333 208 85 426
6 5 8 34 4 6 3580 1174 6909 34 4 6 6 5 9 32 4 6 3418 476 15665 32 4 6 290 200 345 201 85 429
5 4 8 45 3 5 3441 425 6961 45 3 5 6 4 9 42 4 6 3379 400 15672 42 4 6 265 99 353 194 85 431
5 1 8 55 3 5 3279 141 7017 55 3 5 6 2 9 51 4 5 3332 156 15682 51 4 5 238 76 359 188 78 433
4 0 8 68 3 4 3101 0 7073 68 3 4 5 1 9 64 3 5 3285 52 15691 64 3 5 209 0 363 182 52 435
4 0 8 76 3 3 3031 0 7088 76 3 3 5 0 9 76 3 2 3252 26 15694 76 3 2 202 0 363 180 26 435
4 0 8 74 3 3 2977 0 7101 74 3 3 5 0 9 77 3 3 3022 0 15275 77 3 3 192 0 361 160 0 377
3 0 6 79 3 3 2814 0 7107 79 3 3 3 0 7 83 3 3 1006 0 2806 83 3 3 181 0 359 92 0 232
2 0 6 89 3 3 2211 0 6841 89 3 3 2 0 6 96 3 3 223 0 555 96 3 3 134 0 320 29 0 42
0 0 1 101 3 3 62 0 138 101 3 3 0 0 1 107 3 3 51 0 105 107 3 3 31 0 61 23 0 39
0 0 1 101 3 3 64 0 144 101 3 3 0 0 1 109 3 3 51 0 106 109 3 3 32 0 64 23 0 39
0 0 1 100 3 3 62 0 140 100 3 3 0 0 1 111 3 3 50 0 103 111 3 3 32 0 65 23 0 39
0 0 1 99 3 3 62 0 141 99 3 3 0 0 1 113 3 3 50 0 103 113 3 3 31 0 65 23 0 39
0 0 1 103 3 3 64 0 143 103 3 3 0 0 1 116 3 2 50 0 105 116 3 2 32 0 65 23 0 39
0 0 1 99 3 3 63 0 140 99 3 3 0 0 1 117 2 2 49 0 104 117 2 2 32 0 65 23 0 38
0 0 1 103 3 3 65 0 142 103 3 3 0 0 1 119 2 2 96 0 983 119 2 2 32 0 65 28 0 90
0 0 1 106 3 2 67 0 146 106 3 2 0 0 1 122 2 2 98 0 984 122 2 2 33 0 69 29 0 91
0 0 1 105 3 2 71 0 183 105 3 2 0 0 1 121 2 2 109 0 1027 121 2 2 33 0 70 30 0 96
0 0 1 106 3 2 68 0 178 106 3 2 0 0 1 122 2 2 109 0 1027 122 2 2 33 0 68 30 0 96
0 0 1 102 3 2 71 0 183 102 3 2 0 0 1 125 2 1 110 0 1027 125 2 1 32 0 68 31 0 96
0 0 1 106 3 2 70 0 178 106 3 2 0 0 1 127 2 1 111 0 1027 127 2 1 33 0 68 32 0 97
0 0 1 107 3 2 71 0 178 107 3 2 0 0 1 126 2 2 116 0 1029 126 2 2 33 0 68 34 0 107
0 0 1 108 3 2 76 0 190 108 3 2 0 0 1 124 2 2 120 0 1031 124 2 2 35 0 69 36 0 116
1 0 2 98 3 2 397 0 1369 98 3 2 1 0 2 115 2 2 161 0 1042 115 2 2 80 0 184 41 0 116
1 0 2 87 3 2 606 0 1480 87 3 2 1 0 2 101 2 2 191 0 1044 101 2 2 142 0 257 46 0 116
1 0 2 74 3 2 806 0 1547 74 3 2 1 0 2 88 2 2 173 0 382 88 2 2 207 0 308 48 0 84
1 1 2 63 3 2 1008 96 1585 63 3 2 2 1 2 79 2 2 197 84 383 79 2 2 276 83 343 54 52 83
2 2 2 56 3 2 1203 384 1593 56 3 2 2 2 2 73 2 2 211 152 250 73 2 2 348 143 363 59 78 76
2 2 2 47 3 3 1405 1118 1578 47 3 3 2 2 2 61 2 2 238 221 248 61 2 2 414 456 364 66 85 75
2 2 2 38 2 3 1616 1634 1541 38 2 3 2 3 2 49 2 2 262 255 243 49 2 2 489 551 359 72 85 73
2 3 2 26 3 3 1829 1763 1479 26 3 3 3 3 2 36 2 2 299 255 271 36 2 2 560 622 340 79 85 73
3 3 2 15 3 2 2054 1916 1388 15 3 2 3 3 2 25 2 2 330 297 262 25 2 2 618 650 296 84 85 56
3 3 2 4 3 2 2265 2121 1258 4 3 2 3 4 2 17 1 0 359 327 249 17 1 0 669 663 234 88 85 29
3 3 1 1 1 0 2184 2185 795 1 1 0 3 4 1 12 1 0 358 339 220 12 1 0 676 651 208 90 85 26
3 3 1 1 1 0 2200 2180 776 1 1 0 3 4 1 12 1 0 363 340 219 12 1 0 667 641 205 89 85 26
3 4 1 1 1 0 2259 2288 783 1 1 0 4 4 1 10 1 0 376 346 219 10 1 0 654 627 199 90 85 25
3 4 1 1 1 0 2233 2208 774 1 1 0 4 4 1 8 1 0 386 369 218 8 1 0 628 598 198 90 85 24
4 4 1 0 0 0 2290 2232 819 0 0 0 4 4 1 5 1 0 402 380 219 5 1 0 606 576 189 90 85 23
4 4 1 0 0 0 2313 2263 824 0 0 0 4 4 1 3 1 0 413 392 218 3 1 0 591 565 181 91 86 22
4 4 1 0 0 0 2303 2236 819 0 0 0 4 4 1 3 1 0 423 412 218 3 1 0 564 544 163 90 86 22
4 4 1 0 0 0 2299 2232 815 0 0 0 4 5 1 4 1 0 422 412 180 4 1 0 540 536 137 88 85 12
4 4 1 0 0 0 2276 2219 811 0 0 0 4 5 1 4 1 0 424 412 176 4 1 0 528 525 127 89 85 12
4 4 1 0 0 0 2273 2212 787 0 0 0 4 5 1 3 1 0 426 412 167 3 1 0 524 521 124 89 85 11
4 4 1 0 0 0 2178 2112 800 0 0 0 4 5 1 3 1 0 420 412 171 3 1 0 510 511 125 89 85 11
4 4 1 0 0 0 2258 2153 930 0 0 0 4 5 1 3 1 0 431 412 185 3 1 0 510 511 126 89 85 11
4 4 1 0 0 0 2225 2112 977 0 0 0 4 5 1 3 1 0 428 412 191 3 1 0 505 503 128 89 85 11
4 4 1 0 0 0 2241 2112 992 0 0 0 4 5 2 3 1 0 429 412 192 3 1 0 509 511 131 89 85 11
4 4 1 0 0 0 2195 2090 964 0 0 0 4 4 2 4 1 0 422 412 192 4 1 0 507 511 130 89 85 12
4 4 1 0 0 0 2197 2079 981 0 0 0 4 4 2 6 1 0 423 412 192 6 1 0 507 511 127 88 85 13
4 4 1 0 0 0 2298 2148 1028 0 0 0 4 5 2 7 1 0 432 412 197 7 1 0 515 521 127 88 85 13
4 4 2 0 0 0 2657 2275 1657 0 0 0 5 5 2 6 1 0 461 425 220 6 1 0 536 535 149 88 85 13
5 5 2 0 0 0 2858 2402 1803 0 0 0 5 5 2 9 1 0 475 425 238 9 1 0 558 556 161 87 85 14
5 5 2 0 0 0 2941 2492 1889 0 0 0 5 5 2 9 1 0 475 425 244 9 1 0 571 562 176 87 85 14
5 5 2 0 0 0 3196 2742 1897 0 0 0 5 5 2 9 1 0 491 454 249 9 1 0 601 583 173 87 85 14
5 5 2 0 0 0 3204 2713 2074 0 0 0 5 5 2 11 1 0 486 454 256 11 1 0 609 591 180 87 85 15
5 5 2 0 0 0 3160 2661 2097 0 0 0 5 5 2 11 1 0 486 425 290 11 1 0 609 592 184 87 85 17
5 5 2 0 0 0 3377 2825 2273 0 0 0 5 5 3 16 1 0 505 454 315 16 1 0 621 606 180 86 85 19
5 5 2 0 0 0 3461 2953 2256 0 0 0 5 5 3 17 1 0 513 459 328 17 1 0 626 614 178 86 85 20
5 5 2 0 0 0 3519 2968 2340 0 0 0 5 5 3 15 1 0 516 454 329 15 1 0 630 616 178 86 85 19
5 5 2 0 0 0 3447 2785 2356 0 0 0 5 5 3 13 1 0 509 435 327 13 1 0 627 615 181 87 85 18
5 5 2 0 0 0 3089 2557 2097 0 0 0 5 5 3 13 1 0 480 425 315 13 1 0 606 591 176 87 85 18
5 5 2 0 0 0 2984 2486 2012 0 0 0 5 5 2 10 1 0 474 421 302 10 1 0 592 573 167 87 85 17
5 5 2 0 0 0 2993 2544 1954 0 0 0 5 5 2 9 1 0 481 425 299 9 1 0 586 577 153 87 85 16
5 5 2 0 0 0 2996 2500 2153 0 0 0 5 5 3 9 1 0 484 425 306 9 1 0 580 574 150 87 85 16
5 5 2 0 0 0 3321 2608 2405 0 0 0 5 5 3 8 1 0 513 435 320 8 1 0 591 580 154 88 85 16
6 5 2 0 0 0 3995 2880 2873 0 0 0 6 5 3 8 1 0 560 497 311 8 1 0 624 601 169 87 85 13
6 5 2 0 0 0 4412 3057 3093 0 0 0 6 6 3 3 1 0 587 510 306 3 1 0 647 616 181 87 85 10
6 6 3 0 0 0 4873 3386 3262 0 0 0 7 6 3 1 1 0 630 565 323 1 1 0 668 641 187 88 85 9
7 7 3 0 0 0 5277 4011 3260 0 0 0 7 7 3 1 1 0 665 603 328 1 1 0 686 662 187 88 85 9
7 8 3 0 0 0 5852 5152 3282 0 0 0 8 8 4 14 1 0 712 680 399 14 1 0 711 685 184 85 85 17
8 8 3 0 0 0 6521 6723 3193 0 0 0 8 8 4 14 1 0 762 754 394 14 1 0 746 739 175 85 85 16
8 9 3 0 0 0 6807 6968 3092 0 0 0 8 9 4 14 1 0 790 765 392 14 1 0 756 747 169 85 85 16
9 9 2 0 0 0 7321 7427 2993 0 0 0 9 9 4 14 1 0 833 794 389 14 1 0 777 785 166 85 85 16
9 9 2 0 0 0 7426 7507 2839 0 0 0 9 9 4 14 1 0 843 794 379 14 1 0 780 790 168 85 85 16
9 9 2 0 0 0 7185 7274 2869 0 0 0 9 9 4 13 1 0 830 783 377 13 1 0 766 766 169 85 85 15
8 9 3 0 0 0 6640 6588 3032 0 0 0 8 9 4 13 1 0 793 765 386 13 1 0 735 719 179 85 85 15
8 8 3 0 0 0 6396 6055 2997 0 0 0 8 9 4 13 1 0 783 764 385 13 1 0 719 695 177 85 85 16
8 8 3 0 0 0 6205 5657 3383 0 0 0 8 8 4 14 1 0 765 732 388 14 1 0 703 679 180 85 85 16
8 8 3 0 0 0 6374 5960 3428 0 0 0 8 9 4 14 1 0 773 756 388 14 1 0 715 692 183 85 85 15
8 8 3 0 0 0 6453 6055 3442 0 0 0 8 9 3 2 1 0 774 765 320 2 1 0 721 701 185 87 85 7
8 8 3 0 0 0 6356 5845 3425 0 0 0 8 9 3 2 1 0 769 752 324 2 1 0 716 697 184 87 85 8
8 8 3 0 0 0 6251 5771 3540 0 0 0 8 8 3 3 1 0 759 732 342 3 1 0 713 693 187 87 85 8
8 8 3 0 0 0 6244 5777 3466 0 0 0 8 8 3 3 1 0 757 732 337 3 1 0 714 698 183 87 85 8
8 8 3 0 0 0 6567 6470 3467 0 0 0 8 9 3 3 1 0 777 765 339 3 1 0 731 723 180 87 85 8
8 9 3 0 0 0 7016 7270 3441 0 0 0 9 9 3 3 1 0 807 810 337 3 1 0 754 763 180 87 85 8
9 9 3 0 0 0 7350 7447 3231 0 0 0 9 9 3 3 1 0 836 837 323 3 1 0 770 774 165 86 85 8
9 9 3 0 0 0 7612 7740 3194 0 0 0 9 10 3 3 1 0 863 850 389 3 1 0 782 802 161 87 85 10
9 10 2 0 0 0 7879 7928 2833 0 0 0 9 10 3 2 1 0 878 850 375 2 1 0 802 829 147 87 85 9
9 9 2 0 0 0 7786 7778 2836 0 0 0 9 10 3 2 1 0 875 850 377 2 1 0 794 813 148 87 85 9
9 10 2 0 0 0 7799 7782 2834 0 0 0 9 10 3 2 1 0 878 850 373 2 1 0 794 815 149 87 85 9
9 10 2 0 0 0 7885 7782 2825 0 0 0 9 10 3 2 1 0 884 853 371 2 1 0 797 818 149 87 85 9
9 10 2 0 0 0 8138 7954 2457 0 0 0 10 10 3 1 1 0 901 868 349 1 1 0 813 836 141 87 85 8
10 10 2 0 0 0 8229 8063 2448 0 0 0 10 10 3 1 1 0 905 866 355 1 1 0 818 841 140 87 85 8
10 10 2 0 0 0 8309 8109 2431 0 0 0 10 10 3 1 1 0 911 872 357 1 1 0 821 846 139 87 85 8
10 10 2 0 0 0 8287 8072 2452 0 0 0 10 10 3 1 1 0 907 858 355 1 1 0 821 846 137 87 85 8
10 10 2 0 0 0 8344 8157 2485 0 0 0 10 10 3 1 1 0 907 850 359 1 1 0 828 853 137 87 85 8
9 10 2 0 0 0 8286 8099 2497 0 0 0 10 10 3 1 1 0 890 850 285 1 1 0 828 851 136 87 85 5
9 10 2 0 0 0 8101 7926 2364 0 0 0 10 10 3 1 1 0 882 850 284 1 1 0 818 841 139 87 85 5
9 10 2 0 0 0 7898 7750 2417 0 0 0 9 10 3 1 1 0 872 849 283 1 1 0 808 827 142 87 85 6
9 9 2 0 0 0 7509 7463 2780 0 0 0 9 9 3 1 1 0 853 837 323 1 1 0 784 785 150 87 85 7
9 9 2 0 0 0 7120 6932 2839 0 0 0 9 9 3 2 1 0 835 794 357 2 1 0 764 747 155 87 85 10
8 9 2 0 0 0 6813 6528 2898 0 0 0 9 9 3 2 1 0 816 770 351 2 1 0 746 726 154 87 85 10
8 8 2 0 0 0 6289 5634 2869 0 0 0 8 8 3 2 1 0 782 752 342 2 1 0 719 699 152 87 85 10
8 8 2 0 0 0 6214 5596 2846 0 0 0 8 8 3 2 1 0 777 752 337 2 1 0 716 694 152 87 85 10
8 8 2 0 0 0 5923 5226 2734 0 0 0 8 8 3 3 1 0 767 709 373 3 1 0 698 675 151 87 85 12
8 8 2 0 0 0 5843 5108 2692 0 0 0 8 8 3 4 1 0 765 709 374 4 1 0 693 672 148 87 85 13
8 8 2 0 0 0 5576 4841 2590 0 0 0 8 8 3 5 1 0 749 686 373 5 1 0 677 658 143 87 85 13
8 8 2 0 0 0 5585 4855 2573 0 0 0 8 8 3 5 1 0 751 696 368 5 1 0 678 661 145 87 85 13
7 8 2 0 0 0 5432 4733 2590 0 0 0 8 8 3 6 1 0 736 680 370 6 1 0 671 649 144 87 85 14
7 8 2 0 0 0 5480 4760 2353 0 0 0 8 8 3 5 1 0 734 683 335 5 1 0 677 656 148 87 85 13
8 8 2 0 0 0 5672 4972 2393 0 0 0 8 8 2 4 1 0 742 699 301 4 1 0 686 664 149 87 85 11
8 8 2 0 0 0 5924 5281 2454 0 0 0 8 8 3 4 1 0 757 735 308 4 1 0 699 671 152 87 85 11
8 8 2 0 0 0 6459 5977 2557 0 0 0 8 9 3 4 1 0 792 765 307 4 1 0 727 700 158 87 85 10
8 9 2 0 0 0 6535 6036 2560 0 0 0 9 9 3 4 1 0 796 765 308 4 1 0 731 707 157 87 85 10
9 9 2 0 0 0 6923 7128 2628 0 0 0 9 9 3 3 1 0 808 794 268 3 1 0 755 753 158 87 85 8
9 9 2 0 0 0 7216 7567 2612 0 0 0 9 9 3 2 1 0 824 816 271 2 1 0 773 779 157 87 85 7
9 9 2 0 0 0 7615 7866 2551 0 0 0 9 9 3 1 1 0 848 845 269 1 1 0 793 811 152 87 85 6
9 9 2 0 0 0 7666 7980 2776 0 0 0 9 9 3 1 1 0 875 847 410 1 1 0 793 823 157 90 85 32
9 9 2 0 0 0 8096 8348 2568 0 0 0 10 10 3 0 0 0 905 850 403 0 0 0 815 852 147 90 85 31
10 10 2 0 0 0 8343 8482 2450 0 0 0 10 10 3 0 0 0 921 879 400 0 0 0 827 859 138 90 85 31
9 10 2 0 0 0 8025 8361 2786 0 0 0 9 10 3 0 0 0 892 850 417 0 0 0 815 854 151 90 85 31
9 9 2 0 0 0 7895 8285 2931 0 0 0 9 10 3 0 0 0 880 850 419 0 0 0 810 853 156 90 85 31
9 9 2 0 0 0 7830 8190 2927 0 0 0 9 10 3 0 0 0 879 850 423 0 0 0 805 850 156 90 85 31
9 9 2 0 0 0 7833 8190 2954 0 0 0 9 10 3 0 0 0 879 850 426 0 0 0 805 851 157 90 85 31
9 9 2 0 0 0 7826 8144 2951 0 0 0 9 10 3 0 0 0 880 850 427 0 0 0 804 845 156 90 85 31
9 9 2 0 0 0 7667 7986 2942 0 0 0 9 10 3 0 0 0 876 850 425 0 0 0 793 830 157 90 85 31
9 9 2 0 0 0 7528 7838 2915 0 0 0 9 10 3 0 0 0 869 850 428 0 0 0 784 814 158 90 85 31
9 9 2 0 0 0 7699 7985 2702 0 0 0 9 10 3 0 0 0 850 850 298 0 0 0 800 830 151 87 85 5
9 10 2 0 0 0 7731 7988 2710 0 0 0 9 10 3 0 0 0 851 850 297 0 0 0 802 830 151 87 85 5
9 10 2 0 0 0 7815 8048 2694 0 0 0 9 10 3 5 1 0 851 850 320 5 1 0 806 838 151 86 85 10
9 10 2 0 0 0 7917 8078 2586 0 0 0 9 10 4 11 1 0 873 879 363 11 1 0 807 838 151 85 85 13
9 9 2 0 0 0 7797 7973 2576 0 0 0 9 10 4 11 1 0 867 866 360 11 1 0 800 830 152 85 85 13
9 9 2 0 0 0 7695 7910 2622 0 0 0 9 10 4 11 1 0 860 850 361 11 1 0 794 823 153 85 85 13
9 9 2 0 0 0 7591 7832 2614 0 0 0 9 10 4 11 1 0 857 850 362 11 1 0 786 813 154 85 85 13
9 9 2 0 0 0 7334 7713 2701 0 0 0 9 9 4 11 1 0 841 837 364 11 1 0 772 779 160 85 85 13
9 9 2 0 0 0 7492 7828 2725 0 0 0 9 10 4 11 1 0 846 844 359 11 1 0 782 809 159 85 85 13
9 9 2 0 0 0 7628 7861 2751 0 0 0 9 10 4 11 1 0 851 845 356 11 1 0 792 826 159 85 85 13
9 9 2 0 0 0 7664 7865 2755 0 0 0 9 10 4 11 1 0 853 847 355 11 1 0 792 827 157 85 85 13
9 9 2 0 0 0 7716 7923 2770 0 0 0 9 10 4 11 1 0 855 850 355 11 1 0 795 828 157 85 85 13
9 9 2 0 0 0 7743 7940 2749 0 0 0 9 10 3 6 1 0 858 850 333 6 1 0 798 831 156 86 85 10
9 10 2 0 0 0 8197 8208 2532 0 0 0 10 10 3 0 0 0 879 850 274 0 0 0 824 857 139 87 85 4
10 10 2 0 0 0 8690 8587 2217 0 0 0 10 10 2 0 0 0 909 875 270 0 0 0 850 877 122 87 85 4
10 10 2 0 0 0 8870 8721 2113 0 0 0 10 10 2 0 0 0 927 902 310 0 0 0 860 883 117 87 85 8
10 10 2 0 0 0 8965 8766 2030 0 0 0 10 10 2 0 0 0 931 922 307 0 0 0 868 886 110 87 85 8
10 10 2 0 0 0 9228 8843 1668 0 0 0 10 10 2 0 0 0 946 922 293 0 0 0 882 894 86 87 85 8
10 10 2 0 0 0 8905 8794 2091 0 0 0 10 10 2 1 1 0 925 900 310 1 1 0 866 885 109 87 85 9
10 10 2 0 0 0 8724 8683 2525 0 0 0 10 10 3 1 1 0 919 881 323 1 1 0 850 879 127 87 85 9
10 10 2 0 0 0 8623 8603 2567 0 0 0 10 10 3 2 1 0 913 864 336 2 1 0 844 878 131 87 85 10
9 10 3 2 14 11 7993 8365 3285 2 14 11 9 10 4 4 7 10 861 850 417 4 7 10 788 867 243 83 85 28
8 9 4 12 4 6 7143 7922 3896 12 4 6 8 9 4 15 3 6 1017 837 2861 15 3 6 713 839 316 108 85 296
8 9 6 13 4 6 6394 7600 4141 13 4 6 9 9 7 17 3 5 3145 850 14291 17 3 5 641 799 354 200 85 474
9 9 6 13 4 6 6776 7600 4808 13 4 6 10 9 8 17 3 5 3485 861 14362 17 3 5 632 788 358 217 85 483
10 9 8 13 4 6 7893 7562 7285 13 4 6 11 10 10 17 3 5 3582 877 14352 17 3 5 622 780 364 216 85 483
9 9 8 13 4 6 7034 5121 7572 13 4 6 10 9 10 18 3 5 3511 837 14366 18 3 5 555 639 371 216 85 483
9 7 8 13 4 6 6207 3309 7725 13 4 6 9 7 10 18 3 5 3449 680 14379 18 3 5 491 475 363 216 85 483
8 6 9 14 4 6 5774 1898 7792 14 4 6 9 7 10 17 3 5 3422 602 14384 17 3 5 450 338 356 216 85 483
8 5 9 14 4 6 5069 1364 7796 14 4 6 8 5 10 19 3 5 3353 510 14397 19 3 5 397 227 346 215 85 484
7 5 9 15 3 6 4391 1217 7763 15 3 6 8 5 10 21 2 5 3305 425 14406 21 2 5 342 216 313 214 85 484
7 5 9 13 2 1 4237 1349 7689 13 2 1 8 5 10 21 1 0 3306 425 14404 21 1 0 339 234 284 218 85 482
7 5 8 4 1 0 4338 1573 7639 4 1 0 8 5 10 11 1 0 3106 435 14156 11 1 0 355 280 266 193 85 389
7 5 7 2 1 0 4340 1639 7616 2 1 0 7 5 8 8 1 0 928 425 2052 8 1 0 372 306 254 100 85 112
6 5 6 2 1 0 3206 1584 6861 2 1 0 6 5 7 8 1 0 543 425 631 8 1 0 324 295 194 83 85 12
4 5 2 2 1 0 1308 1535 700 2 1 0 4 5 2 9 1 0 385 425 203 9 1 0 275 289 75 82 85 13
4 5 1 2 1 0 1421 1657 659 2 1 0 4 5 2 8 1 0 408 425 194 8 1 0 286 309 74 82 85 12
4 5 1 2 1 0 1493 1709 639 2 1 0 5 5 2 9 1 0 440 425 301 9 1 0 291 315 74 84 85 34
4 5 1 3 1 0 1444 1685 663 3 1 0 4 5 2 11 1 0 432 425 306 11 1 0 285 308 76 84 85 35
5 5 1 3 1 0 1565 1729 570 3 1 0 5 5 2 10 1 0 460 425 293 10 1 0 295 319 72 84 85 35
5 5 1 2 1 0 1594 1737 541 2 1 0 5 5 2 7 1 0 468 425 287 7 1 0 298 319 68 85 85 34
5 5 1 2 1 0 1577 1729 554 2 1 0 5 5 2 8 1 0 462 425 287 8 1 0 298 319 68 84 85 34
5 5 1 2 1 0 1588 1749 559 2 1 0 5 5 2 8 1 0 462 425 287 8 1 0 300 321 68 85 85 34
5 5 1 2 1 0 1591 1757 569 2 1 0 5 5 2 9 1 0 463 425 287 9 1 0 299 323 69 84 85 34
5 5 1 2 1 0 1570 1743 589 2 1 0 5 5 2 9 1 0 458 425 288 9 1 0 298 322 71 84 85 34
5 5 1 2 1 0 1547 1728 603 2 1 0 5 5 2 10 1 0 454 425 290 10 1 0 296 318 71 84 85 34
5 5 1 2 1 0 1543 1723 602 2 1 0 5 5 2 10 1 0 455 425 290 10 1 0 294 315 71 84 85 34
5 5 1 2 1 0 1554 1728 579 2 1 0 5 5 2 9 1 0 439 425 170 9 1 0 297 317 70 82 85 12
5 5 1 0 0 0 1614 1757 536 0 0 0 5 5 1 7 1 0 449 425 158 7 1 0 305 326 65 83 85 10
5 5 1 0 0 0 1642 1771 526 0 0 0 5 5 1 6 1 0 455 425 161 6 1 0 308 329 62 83 85 10
5 5 1 0 0 0 1637 1777 524 0 0 0 5 5 1 6 1 0 455 425 162 6 1 0 306 326 63 83 85 10
5 5 1 0 0 0 1681 1777 468 0 0 0 5 5 1 3 1 0 465 436 148 3 1 0 310 330 61 84 85 8
5 5 1 0 0 0 1686 1791 462 0 0 0 5 5 1 3 1 0 466 436 149 3 1 0 311 330 60 83 85 7
5 5 1 0 0 0 1678 1781 460 0 0 0 5 5 1 3 1 0 465 433 151 3 1 0 310 328 58 83 85 7
5 5 1 0 0 0 1690 1783 451 0 0 0 5 5 1 4 1 0 467 434 153 4 1 0 311 330 57 83 85 8
5 5 1 0 0 0 1738 1797 391 0 0 0 5 6 1 2 1 0 476 476 149 2 1 0 316 333 55 84 85 7
5 5 1 0 0 0 1719 1793 418 0 0 0 5 5 1 3 1 0 471 430 150 3 1 0 314 330 55 83 85 7
5 5 1 0 0 0 1717 1787 415 0 0 0 5 5 1 3 1 0 479 475 161 3 1 0 313 329 54 84 85 10
5 5 1 0 0 0 1733 1793 412 0 0 0 5 6 1 3 1 0 485 477 169 3 1 0 314 330 54 84 85 10
5 5 1 0 0 0 1714 1791 431 0 0 0 5 6 1 4 1 0 489 477 188 4 1 0 309 325 57 85 85 12
6 5 2 0 0 0 2061 1817 1388 0 0 0 6 6 2 4 1 0 534 509 257 4 1 0 329 333 82 85 85 12
6 6 2 0 0 0 2328 1858 1587 0 0 0 6 6 3 4 1 0 578 510 285 4 1 0 341 341 90 86 85 13
6 6 3 0 0 0 2698 1915 2074 0 0 0 7 6 3 4 1 0 632 510 331 4 1 0 357 345 106 86 85 13
7 6 3 0 0 0 2974 2040 2128 0 0 0 7 7 3 8 1 0 674 582 370 8 1 0 370 359 109 86 85 15
7 7 3 0 0 0 3239 2223 2137 0 0 0 8 7 4 9 1 0 722 667 390 9 1 0 384 368 109 86 85 16
8 8 3 0 0 0 3464 3101 2114 0 0 0 8 8 4 10 1 0 766 732 400 10 1 0 395 381 109 87 85 16
8 9 3 0 0 0 3762 3427 2152 0 0 0 8 9 4 10 1 0 807 765 394 10 1 0 414 403 111 87 86 16
9 9 3 0 0 0 4241 3856 2533 0 0 0 9 9 4 10 1 0 858 837 414 10 1 0 437 425 120 87 87 15
10 10 3 0 0 0 5040 4377 2968 0 0 0 10 10 4 10 1 0 935 909 432 10 1 0 473 457 137 87 87 15
10 11 3 0 0 0 5848 4962 3089 0 0 0 11 11 4 9 1 0 997 986 413 9 1 0 522 484 148 87 88 13
11 11 3 0 0 0 6254 5295 3204 0 0 0 11 12 4 9 1 0 1034 1020 416 9 1 0 537 503 150 87 88 13
11 11 3 0 0 0 6359 5450 3207 0 0 0 11 12 4 9 1 0 1041 1030 432 9 1 0 546 519 148 87 88 13
11 11 3 0 0 0 6551 5630 3198 0 0 0 11 12 4 9 1 0 1053 1047 431 9 1 0 557 532 152 87 88 13
11 12 3 0 0 0 7100 6597 3304 0 0 0 12 12 4 6 1 0 1103 1095 444 6 1 0 577 566 151 88 88 11
12 12 3 0 0 0 7226 6856 3214 0 0 0 12 12 4 5 1 0 1114 1105 436 5 1 0 584 567 146 88 88 10
12 12 3 0 0 0 7330 6896 3126 0 0 0 12 12 4 4 1 0 1121 1105 426 4 1 0 588 567 140 88 88 9
12 12 3 0 0 0 7536 6960 2965 0 0 0 12 13 4 3 1 0 1150 1137 412 3 1 0 593 566 138 88 88 8
12 13 3 0 0 0 7670 7190 2728 0 0 0 13 13 4 3 1 0 1170 1174 396 3 1 0 595 564 134 87 88 8
12 12 3 0 0 0 7425 6891 2839 0 0 0 12 13 4 4 1 0 1154 1132 402 4 1 0 585 552 133 87 89 9
12 13 3 0 0 0 7369 6756 2894 0 0 0 13 13 4 4 1 0 1169 1144 423 4 1 0 571 544 121 87 88 9
12 13 3 0 0 0 7248 6530 2849 0 0 0 13 13 4 4 1 0 1163 1126 424 4 1 0 564 539 120 87 88 9
13 13 3 0 0 0 7573 6916 2829 0 0 0 13 13 4 4 1 0 1193 1177 406 4 1 0 574 543 124 87 88 9
13 13 3 0 0 0 7926 7276 2918 0 0 0 13 14 5 12 1 0 1220 1190 491 12 1 0 584 553 120 86 88 14
13 13 3 0 0 0 8004 7447 2943 0 0 0 13 14 5 10 1 0 1225 1190 477 10 1 0 588 560 120 86 88 13
13 14 3 0 0 0 8426 8491 2893 0 0 0 14 14 5 10 1 0 1248 1196 481 10 1 0 607 601 123 86 88 12
14 14 3 0 0 0 8818 8794 2699 0 0 0 14 14 5 11 1 0 1279 1252 484 11 1 0 623 633 116 86 88 13
14 14 3 0 0 0 8825 8794 2680 0 0 0 14 14 5 11 1 0 1274 1261 494 11 1 0 626 633 109 86 88 13
13 14 3 0 0 0 8667 8568 2738 0 0 0 14 14 5 11 1 0 1254 1229 496 11 1 0 624 632 106 86 88 13
13 14 3 0 0 0 8589 8498 2533 0 0 0 14 14 5 10 1 0 1256 1228 490 10 1 0 618 625 105 86 87 13
13 14 2 0 0 0 8300 8092 2473 0 0 0 14 14 5 11 1 0 1241 1211 489 11 1 0 604 601 107 86 88 13
13 14 2 0 0 0 8212 7972 2414 0 0 0 14 14 5 11 1 0 1242 1206 482 11 1 0 598 587 106 86 88 13
13 13 2 0 0 0 8142 7947 2368 0 0 0 13 14 5 11 1 0 1237 1202 502 11 1 0 596 588 102 86 88 13
13 13 2 0 0 0 8079 7946 2308 0 0 0 13 14 4 5 1 0 1234 1190 451 5 1 0 595 588 102 87 88 9
13 13 2 0 0 0 8005 7879 2258 0 0 0 13 13 4 7 1 0 1213 1190 450 7 1 0 601 589 113 87 87 11
13 13 2 0 0 0 8117 7929 2352 0 0 0 13 14 4 6 1 0 1226 1190 444 6 1 0 600 590 109 87 87 10
13 14 2 0 0 0 8316 7984 2510 0 0 0 14 14 4 5 1 0 1240 1204 445 5 1 0 607 601 112 87 87 9
14 14 2 0 0 0 8750 8748 2537 0 0 0 14 14 4 6 1 0 1274 1245 444 6 1 0 620 633 114 86 87 10
14 14 2 0 0 0 9223 9315 2505 0 0 0 14 15 4 6 1 0 1317 1288 461 6 1 0 636 651 114 87 87 11
14 15 2 0 0 0 9608 9629 2402 0 0 0 15 15 4 6 1 0 1340 1326 457 6 1 0 652 670 109 87 87 11
14 15 2 0 0 0 9712 9691 2633 0 0 0 15 15 4 5 1 0 1340 1314 458 5 1 0 656 672 110 87 87 10
14 14 3 0 0 0 9474 9686 2936 0 0 0 14 15 4 5 1 0 1397 1359 556 5 1 0 647 672 126 92 87 26
14 15 3 0 0 0 9600 9796 3139 0 0 0 15 15 5 5 1 0 1430 1373 572 5 1 0 647 675 129 93 88 26
14 14 3 0 0 0 9203 9574 3266 0 0 0 15 15 4 3 1 0 1434 1389 557 3 1 0 626 659 137 95 89 25
14 15 3 0 0 0 9146 9573 3402 0 0 0 15 15 4 1 1 0 1475 1419 554 1 1 0 613 645 132 96 90 25
14 15 3 0 0 0 9167 9573 3419 0 0 0 15 15 4 1 1 0 1503 1446 559 1 1 0 611 639 131 97 92 25
14 15 3 0 0 0 9172 9581 3408 0 0 0 15 15 4 1 1 0 1524 1450 574 1 1 0 609 634 131 98 93 25
14 15 3 0 0 0 8821 9427 3556 0 0 0 15 15 4 0 0 0 1530 1459 581 0 0 0 590 615 139 100 95 24
14 14 3 0 0 0 8600 8930 3723 0 0 0 15 15 4 0 0 0 1534 1471 573 0 0 0 578 595 143 101 96 24
14 14 3 0 0 0 8648 9113 3755 0 0 0 15 15 4 0 0 0 1560 1523 572 0 0 0 580 598 144 102 97 24
14 15 3 0 0 0 8974 9529 3561 0 0 0 15 15 4 0 0 0 1606 1574 556 0 0 0 595 627 144 103 98 23
15 15 3 0 0 0 9621 9889 3343 0 0 0 16 16 4 0 0 0 1598 1584 488 0 0 0 622 652 134 99 98 10
15 15 3 0 0 0 9796 10010 3130 0 0 0 16 16 4 0 0 0 1605 1586 447 0 0 0 630 656 129 98 97 9
15 16 3 0 0 0 10249 10335 2923 0 0 0 16 16 4 0 0 0 1625 1616 431 0 0 0 652 669 121 98 97 9
15 16 3 0 0 0 10433 10462 2735 0 0 0 16 17 4 0 0 0 1631 1623 421 0 0 0 659 676 115 98 97 9
15 15 3 0 0 0 10007 10196 2957 0 0 0 16 16 4 1 1 0 1605 1602 451 1 1 0 643 667 127 98 97 10
15 15 3 0 0 0 9559 9868 3128 0 0 0 15 16 4 1 1 0 1581 1578 442 1 1 0 623 655 135 98 97 10
15 15 3 0 0 0 9475 9765 3022 0 0 0 15 16 4 2 1 0 1578 1574 450 2 1 0 621 645 128 97 97 10
14 15 3 0 0 0 9193 9570 3062 0 0 0 15 16 4 2 1 0 1565 1567 481 2 1 0 609 635 133 98 97 13
14 15 3 0 0 0 9237 9606 3123 0 0 0 15 16 4 2 1 0 1713 1563 2299 2 1 0 607 627 132 102 97 69
15 15 3 0 0 0 9269 9681 3119 0 0 0 15 16 4 2 1 0 1714 1562 2297 2 1 0 605 627 130 102 97 69
14 15 3 0 0 0 9200 9571 3085 0 0 0 15 16 4 2 1 0 1701 1555 2298 2 1 0 606 627 131 102 97 69
14 15 3 0 0 0 9200 9595 3078 0 0 0 15 16 4 2 1 0 1707 1554 2303 2 1 0 605 624 130 102 97 69
14 15 3 0 0 0 9085 9503 3099 0 0 0 15 16 4 2 1 0 1707 1552 2305 2 1 0 597 613 129 102 97 69
14 15 3 0 0 0 9028 9256 3322 0 0 0 15 16 4 2 1 0 1717 1538 2308 2 1 0 591 595 132 102 98 69
15 15 3 0 0 0 9198 9493 3329 0 0 0 15 16 5 6 1 0 1730 1565 2319 6 1 0 596 608 131 103 98 71
14 15 3 0 0 0 8979 9361 3515 0 0 0 15 16 5 6 1 0 1710 1557 2326 6 1 0 590 604 138 103 98 71
14 15 3 0 0 0 8712 9344 3741 0 0 0 15 16 5 5 1 0 1681 1527 2326 5 1 0 579 602 148 103 98 71
14 15 3 0 0 0 9119 9628 3701 0 0 0 15 16 5 5 1 0 1709 1563 2320 5 1 0 594 622 141 103 98 71
14 15 3 0 0 0 8724 9221 3631 0 0 0 15 16 5 5 1 0 1541 1530 570 5 1 0 579 591 140 98 98 20
14 15 3 0 0 0 8609 8827 3683 0 0 0 15 16 5 5 1 0 1539 1530 587 5 1 0 571 572 140 98 98 20
14 14 3 0 0 0 8001 7631 3805 0 0 0 14 15 5 5 1 0 1495 1471 592 5 1 0 545 528 138 99 98 20
13 13 3 0 0 0 7462 6347 3858 0 0 0 14 14 5 5 1 0 1459 1410 580 5 1 0 523 496 136 99 99 20
13 13 3 0 0 0 6949 5815 3787 0 0 0 14 13 5 6 1 0 1423 1378 584 6 1 0 504 473 132 100 100 20
12 12 3 0 0 0 6317 5213 3386 0 0 0 13 13 5 6 1 0 1365 1297 560 6 1 0 483 458 122 100 100 21
12 12 3 0 0 0 6123 5196 3222 0 0 0 13 13 4 2 1 0 1349 1292 490 2 1 0 475 455 114 100 100 12
12 12 3 0 0 0 6365 5535 3325 0 0 0 13 13 4 2 1 0 1371 1321 470 2 1 0 482 462 116 100 100 12
12 13 3 0 0 0 6505 5760 3253 0 0 0 13 13 4 2 1 0 1392 1350 468 2 1 0 489 471 111 100 100 12
12 12 3 0 0 0 6155 5509 3013 0 0 0 13 13 4 2 1 0 1351 1321 464 2 1 0 478 463 103 99 99 13
12 12 3 0 0 0 5891 5191 2975 0 0 0 13 13 4 2 1 0 1382 1304 764 2 1 0 467 456 103 102 100 24
11 12 3 0 0 0 5374 4991 2566 0 0 0 12 12 4 2 1 0 1336 1264 750 2 1 0 454 451 90 103 101 25
11 12 3 0 0 0 5563 5110 2578 0 0 0 12 13 4 2 1 0 1366 1311 748 2 1 0 460 457 90 104 102 25
11 12 3 0 0 0 5671 5223 2450 0 0 0 12 13 4 2 1 0 1368 1321 743 2 1 0 469 463 95 104 101 25
11 12 3 0 0 0 5716 5286 2412 0 0 0 12 13 4 1 1 0 1372 1322 731 1 1 0 470 463 93 104 101 25
12 12 3 0 0 0 5776 5369 2397 0 0 0 13 13 4 2 1 0 1408 1332 805 2 1 0 471 463 92 105 101 30
11 12 3 0 0 0 5616 5259 2328 0 0 0 12 13 4 1 1 0 1395 1321 802 1 1 0 464 460 91 105 101 29
11 12 3 0 0 0 5450 5148 2094 0 0 0 12 13 4 1 1 0 1381 1312 800 1 1 0 459 456 87 106 102 29
11 12 3 0 0 0 5577 5248 2230 0 0 0 12 13 4 2 1 0 1385 1313 809 2 1 0 463 458 91 105 101 30
11 11 3 0 0 0 5304 5042 1910 0 0 0 12 12 4 4 1 0 1369 1301 811 4 1 0 453 451 89 106 102 30
11 11 3 0 0 0 5286 4986 1857 0 0 0 12 13 4 4 1 0 1315 1299 533 4 1 0 455 450 85 104 102 22
11 11 3 0 0 0 5199 4884 1831 0 0 0 12 12 4 4 1 0 1300 1275 533 4 1 0 454 448 85 103 102 22
11 11 2 0 0 0 5040 4754 1741 0 0 0 12 12 4 4 1 0 1276 1252 533 4 1 0 448 444 85 103 102 22
11 11 2 0 0 0 4823 4657 1522 0 0 0 12 12 4 4 1 0 1266 1235 551 4 1 0 438 439 75 104 102 23
10 11 2 0 0 0 4697 4459 1555 0 0 0 11 11 4 4 1 0 1244 1217 560 4 1 0 436 437 77 104 102 23
10 10 2 0 0 0 4655 4392 1547 0 0 0 11 11 4 3 1 0 1204 1208 433 3 1 0 440 438 80 103 102 16
10 10 2 0 0 0 4655 4407 1535 0 0 0 11 11 3 3 1 0 1210 1206 423 3 1 0 441 437 80 104 103 16
10 10 2 0 0 0 4619 4390 1526 0 0 0 11 11 3 3 1 0 1202 1196 418 3 1 0 440 438 79 104 103 16
10 10 2 0 0 0 4375 4263 1227 0 0 0 11 11 3 2 1 0 1178 1172 392 2 1 0 436 435 75 105 103 16
10 10 2 0 0 0 4465 4345 1267 0 0 0 11 11 3 0 0 0 1207 1189 407 0 0 0 438 437 74 106 103 19
10 10 2 0 0 0 4407 4308 1271 0 0 0 11 11 3 0 0 0 1196 1168 405 0 0 0 441 438 79 107 104 19
10 10 2 0 0 0 4589 4493 1328 0 0 0 11 11 3 0 0 0 1229 1207 408 0 0 0 440 439 76 106 104 18
10 10 2 0 0 0 4603 4520 1365 0 0 0 11 11 3 0 0 0 1228 1204 419 0 0 0 441 439 75 106 104 18
10 11 2 0 0 0 4638 4559 1371 0 0 0 11 12 3 1 1 0 1227 1207 407 1 1 0 441 439 74 106 103 17
10 11 2 0 0 0 4704 4658 1341 0 0 0 11 12 3 1 1 0 1243 1211 396 1 1 0 440 437 73 105 103 17
10 11 2 0 0 0 4772 4703 1338 0 0 0 11 12 3 1 1 0 1258 1228 392 1 1 0 438 437 71 105 104 17
10 11 2 0 0 0 4785 4705 1373 0 0 0 11 12 3 1 1 0 1254 1228 388 1 1 0 439 437 71 105 103 17
11 11 2 0 0 0 4849 4790 1395 0 0 0 12 12 3 1 1 0 1264 1237 387 1 1 0 439 437 70 105 103 17
11 11 2 0 0 0 4959 4910 1340 0 0 0 12 12 3 1 1 0 1277 1255 384 1 1 0 440 437 69 104 103 17
11 11 2 0 0 0 4918 4898 1313 0 0 0 12 12 3 1 1 0 1254 1247 345 1 1 0 441 436 69 104 103 12
11 11 2 0 0 0 4941 4904 1320 0 0 0 12 12 3 1 1 0 1257 1255 349 1 1 0 441 435 65 104 103 12
11 11 2 0 0 0 4813 4776 1269 0 0 0 12 12 3 1 1 0 1241 1243 344 1 1 0 438 433 66 104 103 12
10 11 2 0 0 0 4716 4673 1289 0 0 0 11 12 3 2 1 0 1234 1238 331 2 1 0 437 430 69 105 103 14
10 11 2 0 0 0 4715 4662 1309 0 0 0 11 12 3 1 1 0 1232 1231 313 1 1 0 438 433 70 105 103 13
10 11 2 0 0 0 4676 4627 1354 0 0 0 11 12 3 1 1 0 1218 1226 336 1 1 0 443 437 72 106 104 13
10 11 2 0 0 0 4660 4632 1347 0 0 0 11 11 3 1 1 0 1211 1207 336 1 1 0 444 438 73 106 104 13
10 11 3 0 0 0 4636 4612 1351 0 0 0 11 11 3 1 1 0 1203 1193 340 1 1 0 447 443 75 106 105 13
10 11 3 0 0 0 4692 4576 1715 0 0 0 11 11 3 1 1 0 1209 1184 352 1 1 0 448 441 84 106 105 13
10 11 3 0 0 0 4666 4510 1732 0 0 0 11 11 3 1 1 0 1208 1190 351 1 1 0 446 440 85 106 105 13
10 11 3 0 0 0 4671 4503 1819 0 0 0 11 11 3 1 1 0 1206 1191 361 1 1 0 446 443 87 106 104 13
10 11 3 0 0 0 4704 4576 1787 0 0 0 11 11 4 4 1 0 1215 1195 392 4 1 0 444 442 86 105 104 15
10 11 3 0 0 0 4994 4690 2269 0 0 0 11 12 4 4 1 0 1237 1212 416 4 1 0 453 453 93 104 103 14
11 11 3 0 0 0 5053 4739 2246 0 0 0 12 12 4 3 1 0 1246 1228 413 3 1 0 451 448 91 104 103 12
10 11 3 0 0 0 5013 4689 2264 0 0 0 11 12 4 3 1 0 1240 1214 410 3 1 0 451 447 92 104 103 12
11 11 3 0 0 0 5160 4807 2262 0 0 0 12 12 4 3 1 0 1267 1260 394 3 1 0 450 446 90 103 103 12
11 11 3 0 0 0 5089 4771 2294 0 0 0 12 12 4 3 1 0 1258 1250 395 3 1 0 449 445 91 104 103 13
11 11 3 0 0 0 5034 4765 2313 0 0 0 12 12 4 3 1 0 1262 1260 396 3 1 0 442 437 92 104 103 13
10 11 3 0 0 0 4875 4718 2077 0 0 0 11 12 5 10 1 0 1239 1242 480 10 1 0 441 439 85 104 103 25
10 11 3 0 0 0 4714 4479 2103 0 0 0 11 11 5 10 1 0 1205 1192 488 10 1 0 446 444 87 105 105 26
10 10 3 0 0 0 4607 4364 2058 0 0 0 11 11 5 11 1 0 1185 1167 490 11 1 0 447 444 85 105 105 26
9 10 3 0 0 0 4471 4163 2097 0 0 0 10 11 4 8 1 0 1155 1135 475 8 1 0 447 445 86 106 106 25
9 10 3 0 0 0 4234 4125 1489 0 0 0 10 11 4 8 1 0 1137 1129 458 8 1 0 439 438 76 107 106 25
9 10 3 0 0 0 4169 4019 1495 0 0 0 10 10 4 8 1 0 1127 1112 455 8 1 0 436 439 81 106 105 25
9 10 3 0 0 0 4173 4026 1499 0 0 0 10 10 4 9 1 0 1124 1092 466 9 1 0 436 436 80 106 105 26
9 9 3 0 0 0 3993 3812 1367 0 0 0 10 10 4 9 1 0 1092 1050 462 9 1 0 435 436 81 106 105 26
9 9 2 0 0 0 3975 3840 1333 0 0 0 10 10 4 9 1 0 1090 1045 461 9 1 0 434 436 82 106 105 25
9 9 2 0 0 0 3934 3787 1288 0 0 0 10 10 4 9 1 0 1072 1032 453 9 1 0 438 440 82 106 105 25
8 9 2 0 0 0 3863 3693 1263 0 0 0 10 10 3 2 1 0 1058 1029 351 2 1 0 439 438 85 106 105 13
9 9 2 0 0 0 3913 3808 1253 0 0 0 10 10 3 2 1 0 1072 1050 347 2 1 0 437 435 83 106 105 13
9 9 2 0 0 0 3981 3850 1274 0 0 0 10 10 3 1 1 0 1083 1058 340 1 1 0 439 438 85 106 104 14
9 9 2 0 0 0 4008 3875 1262 0 0 0 10 10 3 1 1 0 1088 1059 324 1 1 0 442 440 88 107 105 13
8 9 2 0 0 0 3951 3837 1242 0 0 0 10 10 3 2 1 0 1071 1042 337 2 1 0 450 446 92 107 106 15
8 9 2 0 0 0 3874 3810 1216 0 0 0 9 9 3 2 1 0 1044 1012 334 2 1 0 457 453 90 108 107 15
8 8 2 0 0 0 3765 3699 1168 0 0 0 9 9 3 2 1 0 1031 1004 315 2 1 0 461 462 91 110 107 16
8 8 2 0 0 0 3853 3801 1220 0 0 0 9 9 3 2 1 0 1033 1007 309 2 1 0 467 472 91 110 107 16
8 8 2 0 0 0 4006 3822 1391 0 0 0 9 9 3 2 1 0 1055 1029 331 2 1 0 470 473 89 109 107 16
8 8 2 0 0 0 4031 3873 1377 0 0 0 9 9 3 2 1 0 1062 1043 337 2 1 0 468 469 88 109 108 16
9 9 3 0 0 0 4196 4044 1433 0 0 0 10 10 3 2 1 0 1095 1066 346 2 1 0 468 468 83 109 107 16
9 9 3 0 0 0 4313 4127 1524 0 0 0 10 10 3 5 1 0 1105 1070 380 5 1 0 471 472 83 108 107 18
9 9 3 0 0 0 4456 4267 1702 0 0 0 10 10 4 5 1 0 1127 1078 399 5 1 0 472 476 83 107 106 16
9 9 3 0 0 0 4571 4378 1678 0 0 0 10 10 4 5 1 0 1136 1086 404 5 1 0 477 480 84 106 105 16
9 10 3 0 0 0 4683 4484 1747 0 0 0 10 11 4 4 1 0 1152 1120 384 4 1 0 474 476 83 106 105 15
10 10 3 0 0 0 4980 4708 1873 0 0 0 11 11 4 4 1 0 1199 1171 387 4 1 0 478 475 85 105 104 15
10 11 3 0 0 0 5164 4853 1804 0 0 0 11 12 3 3 1 0 1220 1192 382 3 1 0 479 476 83 103 103 12
10 11 3 0 0 0 5197 4857 1812 0 0 0 11 12 3 3 1 0 1224 1198 388 3 1 0 481 477 83 103 103 12
10 11 3 0 0 0 5240 4967 1783 0 0 0 11 12 3 3 1 0 1229 1223 377 3 1 0 484 481 82 103 103 12
11 11 3 0 0 0 5389 5185 1777 0 0 0 12 12 3 3 1 0 1252 1248 382 3 1 0 487 484 82 103 103 11
10 11 3 0 0 0 5305 5033 1787 0 0 0 11 12 3 3 1 0 1228 1225 385 3 1 0 490 484 85 103 103 12
11 11 3 0 0 0 5345 5089 1758 0 0 0 12 12 3 3 1 0 1240 1232 383 3 1 0 487 481 85 103 103 11
10 11 3 0 0 0 5311 5162 1619 0 0 0 11 12 3 3 1 0 1241 1232 397 3 1 0 489 482 84 103 103 14
11 11 3 0 0 0 5386 5269 1648 0 0 0 12 12 3 3 1 0 1258 1243 393 3 1 0 485 479 84 102 102 14
11 11 3 0 0 0 5575 5354 1738 0 0 0 12 12 3 3 1 0 1280 1262 400 3 1 0 490 483 85 102 102 13
11 11 2 0 0 0 5496 5339 1549 0 0 0 12 12 3 3 1 0 1286 1256 410 3 1 0 485 477 81 102 102 15
11 11 3 0 0 0 5442 5305 1581 0 0 0 12 12 4 3 1 0 1307 1264 458 3 1 0 480 470 83 104 102 17
12 12 3 0 0 0 5800 5533 1901 0 0 0 13 13 4 3 1 0 1357 1321 459 3 1 0 482 470 86 103 101 17
12 12 3 0 0 0 5874 5580 1974 0 0 0 13 13 4 3 1 0 1364 1330 462 3 1 0 484 472 88 103 101 17
12 12 3 0 0 0 5986 5714 2149 0 0 0 13 13 4 3 1 0 1366 1326 481 3 1 0 489 477 91 103 100 17
12 13 3 0 0 0 6139 5913 2095 0 0 0 13 14 4 3 1 0 1404 1380 473 3 1 0 488 478 89 103 101 17
12 13 3 0 0 0 6113 5913 2122 0 0 0 13 14 4 0 0 0 1406 1381 459 0 0 0 484 476 91 103 101 15
12 13 3 0 0 0 6132 5963 2138 0 0 0 13 14 4 0 0 0 1404 1382 454 0 0 0 482 474 92 103 101 14
12 12 3 0 0 0 6056 5881 2156 0 0 0 13 13 4 0 0 0 1395 1363 458 0 0 0 483 477 93 104 101 14
12 12 3 0 0 0 5781 5528 2158 0 0 0 13 13 4 2 1 0 1364 1330 482 2 1 0 476 469 94 104 102 16
12 12 3 0 0 0 6066 5881 2314 0 0 0 13 13 4 2 1 0 1360 1334 510 2 1 0 497 482 112 104 102 15
12 12 3 0 0 0 6078 5867 2295 0 0 0 12 13 4 2 1 0 1338 1319 473 2 1 0 504 493 111 103 102 13
11 11 3 0 0 0 5803 5524 2165 0 0 0 12 12 4 2 1 0 1300 1273 469 2 1 0 501 485 115 103 103 14
11 11 3 0 0 0 5795 5511 2188 0 0 0 12 12 4 2 1 0 1292 1261 473 2 1 0 504 492 115 103 103 14
11 11 3 0 0 0 5700 5443 2150 0 0 0 12 12 4 2 1 0 1272 1248 461 2 1 0 506 493 118 104 103 13
10 10 3 0 0 0 5480 5017 2198 0 0 0 11 11 4 2 1 0 1229 1191 456 2 1 0 505 492 118 104 103 13
10 10 3 0 0 0 5430 4943 2177 0 0 0 11 11 4 5 1 0 1205 1164 461 5 1 0 512 502 116 103 103 15
10 10 3 0 0 0 5484 5032 2213 0 0 0 11 11 4 5 1 0 1211 1164 466 5 1 0 512 500 115 103 103 15
11 11 3 0 0 0 5662 5258 2277 0 0 0 12 12 4 5 1 0 1240 1211 481 5 1 0 513 498 115 102 102 15
11 11 3 0 0 0 5836 5585 2210 0 0 0 12 12 4 3 1 0 1269 1259 468 3 1 0 515 498 112 102 102 13
11 11 3 0 0 0 5661 5409 2074 0 0 0 12 12 4 3 1 0 1279 1275 425 3 1 0 497 484 97 102 102 13
11 11 3 0 0 0 5730 5541 2050 0 0 0 12 13 4 3 1 0 1289 1286 427 3 1 0 497 484 97 102 102 13
11 11 3 0 0 0 5703 5537 1995 0 0 0 12 13 4 3 1 0 1294 1284 431 3 1 0 490 482 90 101 101 12
11 11 3 0 0 0 5621 5502 1907 0 0 0 12 13 4 3 1 0 1293 1289 425 3 1 0 487 478 87 102 102 12
11 12 3 0 0 0 5704 5593 1770 0 0 0 12 13 4 3 1 0 1313 1301 414 3 1 0 485 479 84 101 101 12
12 12 2 0 0 0 5957 5740 1687 0 0 0 13 13 4 6 1 0 1355 1352 447 6 1 0 486 481 83 100 101 14
12 13 2 0 0 0 6296 6050 1768 0 0 0 13 14 5 8 1 0 1407 1384 500 8 1 0 489 482 82 99 100 16
12 13 2 0 0 0 6331 6116 1709 0 0 0 13 14 4 10 1 0 1411 1390 489 10 1 0 490 484 81 99 100 17
12 13 2 0 0 0 6284 6076 1654 0 0 0 13 14 4 10 1 0 1402 1386 485 10 1 0 490 485 79 99 100 17
12 13 2 0 0 0 6241 6001 1719 0 0 0 13 14 5 10 1 0 1388 1361 489 10 1 0 490 485 80 99 100 17
12 13 2 0 0 0 6182 5990 1684 0 0 0 13 13 5 10 1 0 1391 1350 584 10 1 0 490 485 82 99 100 19
12 13 3 0 0 0 6245 6050 1773 0 0 0 13 13 5 10 1 0 1397 1356 583 10 1 0 490 485 84 99 100 19
12 13 3 0 0 0 6484 6309 1911 0 0 0 13 14 5 10 1 0 1411 1366 582 10 1 0 502 489 93 99 100 19
12 13 3 0 0 0 6443 6311 1946 0 0 0 13 14 5 10 1 0 1394 1339 588 10 1 0 504 496 94 99 100 19
12 13 3 0 0 0 6372 6260 1925 0 0 0 13 14 5 11 1 0 1387 1339 593 11 1 0 502 488 90 98 99 20
12 13 3 0 0 0 6273 6094 1955 0 0 0 13 13 5 8 1 0 1372 1333 574 8 1 0 501 487 90 99 100 18
12 12 3 0 0 0 6054 5748 1879 0 0 0 13 13 4 3 1 0 1346 1317 516 3 1 0 496 485 90 100 100 14
12 12 3 0 0 0 6049 5747 1857 0 0 0 13 13 4 1 1 0 1353 1326 513 1 1 0 492 481 90 101 101 13
12 12 3 0 0 0 6031 5747 1849 0 0 0 13 13 4 1 1 0 1355 1328 508 1 1 0 491 481 89 101 101 13
12 12 3 0 0 0 6024 5747 1809 0 0 0 13 13 4 1 1 0 1363 1334 502 1 1 0 486 478 88 101 100 13
12 12 3 0 0 0 6010 5726 1807 0 0 0 13 13 3 1 1 0 1345 1333 385 1 1 0 486 476 87 100 100 9
12 12 2 0 0 0 5952 5715 1725 0 0 0 13 13 3 1 1 0 1342 1334 380 1 1 0 481 474 84 100 100 9
12 12 2 0 0 0 5696 5623 1438 0 0 0 13 13 3 1 1 0 1327 1326 374 1 1 0 468 467 71 100 100 9
12 12 2 0 0 0 5714 5635 1481 0 0 0 13 13 3 1 1 0 1360 1339 481 1 1 0 467 466 71 102 101 19
12 12 3 0 0 0 5680 5607 1514 0 0 0 13 13 3 0 0 0 1354 1331 480 0 0 0 468 467 71 102 101 18
12 12 2 0 0 0 5768 5701 1483 0 0 0 13 13 3 0 0 0 1349 1326 469 0 0 0 476 473 79 102 101 18
12 12 2 0 0 0 5794 5718 1468 0 0 0 13 13 3 0 0 0 1348 1327 465 0 0 0 481 475 78 102 101 18
12 12 2 0 0 0 5782 5719 1466 0 0 0 12 13 3 0 0 0 1333 1317 455 0 0 0 487 479 80 102 101 18
12 12 2 0 0 0 5808 5739 1441 0 0 0 12 13 3 0 0 0 1339 1323 461 0 0 0 488 479 82 102 101 18
11 12 2 0 0 0 5821 5796 1449 0 0 0 12 13 3 0 0 0 1336 1316 461 0 0 0 491 483 79 102 101 18
11 12 3 0 0 0 5745 5724 1494 0 0 0 12 13 3 0 0 0 1325 1281 468 0 0 0 494 489 80 103 102 19
11 12 3 0 0 0 5774 5714 1543 0 0 0 12 13 3 0 0 0 1329 1281 470 0 0 0 496 490 81 103 102 19
11 12 3 0 0 0 5699 5639 1596 0 0 0 12 13 3 1 1 0 1317 1280 477 1 1 0 498 490 81 104 102 20
11 11 3 0 0 0 5631 5627 1540 0 0 0 12 12 3 1 1 0 1281 1272 362 1 1 0 500 492 82 103 102 13
11 11 3 0 0 0 5652 5636 1537 0 0 0 12 12 3 1 1 0 1285 1272 363 1 1 0 500 493 82 103 102 13
11 12 3 0 0 0 5801 5686 1735 0 0 0 12 13 3 1 1 0 1310 1309 383 1 1 0 499 493 81 103 102 13
11 12 3 0 0 0 5778 5676 1699 0 0 0 12 13 3 1 1 0 1315 1312 386 1 1 0 493 487 82 103 102 13
12 12 3 0 0 0 5826 5679 1729 0 0 0 13 13 3 1 1 0 1341 1322 433 1 1 0 489 480 80 103 102 13
11 12 3 0 0 0 5684 5500 1762 0 0 0 12 13 4 1 1 0 1316 1305 430 1 1 0 487 480 80 103 102 15
11 12 3 0 0 0 5742 5511 1801 0 0 0 12 13 4 1 1 0 1314 1304 431 1 1 0 492 486 82 103 102 15
12 12 3 0 0 0 5910 5690 1799 0 0 0 13 13 4 1 1 0 1332 1322 428 1 1 0 494 484 83 102 101 15
11 12 3 0 0 0 5946 5726 1810 0 0 0 12 13 4 1 1 0 1324 1319 441 1 1 0 501 497 86 102 101 15
12 12 3 0 0 0 6091 5818 1806 0 0 0 13 13 4 0 0 0 1342 1346 436 0 0 0 504 500 85 102 101 13
12 12 3 0 0 0 6142 5944 1793 0 0 0 13 13 4 0 0 0 1347 1342 439 0 0 0 502 499 85 101 100 13
12 13 3 0 0 0 6392 6156 1927 0 0 0 13 14 4 0 0 0 1368 1349 434 0 0 0 508 501 89 100 99 12
12 12 3 0 0 0 6188 5952 1848 0 0 0 13 13 3 0 0 0 1342 1330 426 0 0 0 506 500 89 101 100 13
12 12 3 0 0 0 6160 5911 1869 0 0 0 13 13 3 0 0 0 1331 1326 423 0 0 0 509 502 88 101 100 13
12 12 3 0 0 0 6099 5847 1845 0 0 0 13 13 3 0 0 0 1313 1313 374 0 0 0 509 500 89 101 100 13
12 13 3 0 0 0 6448 6189 1968 0 0 0 13 14 3 0 0 0 1355 1344 389 0 0 0 515 506 89 100 99 11
12 13 3 0 0 0 6410 6160 1942 0 0 0 13 14 3 0 0 0 1366 1348 384 0 0 0 509 500 90 100 100 11
12 13 3 0 0 0 6370 6180 1942 0 0 0 13 14 3 0 0 0 1362 1347 385 0 0 0 507 501 88 100 100 11
12 12 3 0 0 0 6279 6068 1917 0 0 0 13 13 3 0 0 0 1357 1343 372 0 0 0 504 492 88 100 100 11
12 12 3 0 0 0 6207 6009 1870 0 0 0 13 13 3 0 0 0 1344 1330 368 0 0 0 505 494 88 101 100 11
12 12 3 0 0 0 6099 5775 1905 0 0 0 13 13 3 0 0 0 1335 1314 368 0 0 0 505 494 88 102 101 12
11 12 3 0 0 0 5902 5609 1736 0 0 0 12 13 3 0 0 0 1312 1272 363 0 0 0 503 491 85 102 101 12
11 12 3 0 0 0 5970 5712 1746 0 0 0 12 13 3 0 0 0 1326 1310 361 0 0 0 504 494 84 102 101 12
12 12 3 0 0 0 6028 5811 1798 0 0 0 12 13 3 0 0 0 1343 1326 364 0 0 0 507 500 84 104 102 12
12 12 3 0 0 0 6091 5854 1890 0 0 0 12 13 3 0 0 0 1351 1328 397 0 0 0 511 504 86 104 102 14
11 11 3 0 0 0 5926 5732 1724 0 0 0 12 13 3 0 0 0 1335 1325 380 0 0 0 507 500 87 104 102 14
11 12 3 0 0 0 6086 5971 1858 0 0 0 12 13 3 0 0 0 1340 1329 379 0 0 0 515 508 86 104 102 14
12 12 3 0 0 0 6221 6082 1911 0 0 0 13 13 3 0 0 0 1365 1352 392 0 0 0 515 507 86 104 102 14
12 12 3 0 0 0 6312 6124 1891 0 0 0 13 13 3 0 0 0 1385 1389 395 0 0 0 513 506 83 104 101 14
12 12 3 0 0 0 6357 6167 1904 0 0 0 13 13 3 0 0 0 1391 1394 400 0 0 0 513 504 82 104 101 14
12 13 3 0 0 0 6586 6435 1856 0 0 0 13 14 3 0 0 0 1418 1410 393 0 0 0 515 509 81 103 101 14
13 13 3 0 0 0 6714 6523 1898 0 0 0 14 14 3 0 0 0 1442 1434 393 0 0 0 513 509 79 102 101 13
13 14 3 0 0 0 6932 6688 1985 0 0 0 14 14 3 0 0 0 1467 1455 391 0 0 0 514 509 78 101 100 13
13 14 3 0 0 0 7332 6868 2555 0 0 0 14 15 6 4 1 0 1494 1472 587 4 1 0 524 516 89 99 99 16
13 14 4 3 5 5 7379 7045 3103 3 5 5 14 15 7 7 3 4 1469 1478 679 7 3 4 512 519 140 95 99 29
12 14 5 6 10 15 6741 6804 3749 6 10 15 13 14 8 10 6 12 1424 1433 1631 10 6 12 464 510 203 92 97 79
11 13 6 8 13 16 5996 6497 4170 8 13 16 11 13 9 12 9 14 1286 1356 1683 12 9 14 414 500 241 84 96 86
