25 7 53 8 1 0 13220 738 44496 8 1 0 28 9 61 8 1 0 18597 683 80209 8 1 0 179 111 228 183 76 318
19 7 48 5 1 0 10334 715 41505 5 1 0 22 8 55 5 1 0 11070 598 64107 5 1 0 156 110 192 125 74 211
7 6 5 4 1 0 878 680 1080 4 1 0 8 7 6 5 1 0 982 565 2131 5 1 0 116 110 50 90 74 76
16 7 30 2 1 0 5658 729 16074 2 1 0 17 8 30 3 1 0 1808 626 3349 3 1 0 151 115 119 91 77 71
39 8 51 1 1 0 18068 872 27879 1 1 0 40 10 53 2 1 0 3800 768 4907 2 1 0 230 138 184 90 83 58
62 22 58 0 0 0 31011 4678 32651 0 0 0 65 26 60 1 1 0 5937 5255 5460 1 1 0 312 257 204 91 88 56
84 101 54 0 0 0 41989 46253 31653 0 0 0 87 104 56 1 1 0 7947 9445 5022 1 1 0 383 449 189 93 88 55
107 118 41 0 0 0 55079 59042 26697 0 0 0 111 123 42 0 0 0 9929 10988 3737 0 0 0 459 490 147 89 88 12
121 125 21 0 0 0 62142 63352 18901 0 0 0 125 128 21 0 0 0 11166 11387 1866 0 0 0 501 499 79 88 88 2
120 121 21 0 0 0 61170 59313 19410 0 0 0 124 125 21 0 0 0 11074 11199 1866 0 0 0 496 489 81 88 88 2
119 120 20 0 0 0 60273 57657 18551 0 0 0 123 124 20 0 0 0 11042 11110 1822 0 0 0 493 488 74 89 88 3
122 121 18 0 0 0 63341 59834 16704 0 0 0 127 126 18 0 0 0 11336 11304 1642 0 0 0 507 494 62 88 88 3
123 122 16 0 0 0 63065 60445 14265 0 0 0 127 127 16 0 0 0 11375 11347 1497 0 0 0 505 496 53 88 88 3
124 123 17 0 0 0 63993 61461 14602 0 0 0 128 127 17 0 0 0 11425 11334 1573 0 0 0 510 502 52 88 88 3
126 127 17 0 0 0 66237 64910 14025 0 0 0 130 131 17 0 0 0 11628 11650 1529 0 0 0 519 515 50 88 88 3
126 127 17 0 0 0 65577 64390 13604 0 0 0 130 130 17 0 0 0 11557 11548 1455 0 0 0 516 511 48 88 88 1
128 128 17 0 0 0 67325 65440 14269 0 0 0 131 132 17 0 0 0 12054 11699 3140 0 0 0 521 516 53 90 88 13
120 127 29 0 0 0 62110 63516 21742 0 0 0 123 129 29 0 0 0 11429 11530 4047 0 0 0 498 512 92 91 88 15
106 122 38 0 0 0 52232 58711 27623 0 0 0 109 126 39 0 0 0 10161 11184 4751 0 0 0 450 477 123 91 88 15
90 64 41 0 0 0 41437 19622 28899 0 0 0 93 68 41 0 0 0 8766 6370 5065 0 0 0 403 357 128 91 88 15
77 57 39 0 0 0 33249 18397 28670 0 0 0 81 60 40 0 0 0 7645 5338 5075 0 0 0 366 319 127 91 88 15
59 57 23 0 0 0 20475 17760 16107 0 0 0 63 59 25 0 0 0 5718 5220 2772 0 0 0 313 304 79 89 88 7
53 56 8 0 0 0 16124 17623 3826 0 0 0 56 59 10 0 0 0 5088 5209 1037 0 0 0 295 302 42 88 88 5
53 56 9 0 0 0 15943 17673 4123 0 0 0 56 58 11 0 0 0 5030 5168 1094 0 0 0 294 303 43 89 88 5
53 56 9 0 0 0 15901 17527 4183 0 0 0 56 58 11 0 0 0 5040 5161 1065 0 0 0 293 300 43 89 88 5
53 56 10 0 0 0 15910 17403 4104 0 0 0 55 59 10 0 0 0 4998 5193 982 0 0 0 292 300 40 89 88 5
52 56 10 0 0 0 15587 17319 4335 0 0 0 55 58 10 0 0 0 5006 5164 1160 0 0 0 288 297 40 89 88 8
50 55 13 1 2 0 14908 17013 4998 1 2 0 53 57 13 1 2 0 4849 5087 1363 1 2 0 280 290 56 91 88 38
55 55 41 3 1 0 22069 16710 39181 3 1 0 59 57 45 2 2 1 14686 5094 63227 2 2 1 301 289 186 159 88 299
46 52 45 5 1 0 19152 13910 40077 5 1 0 50 55 49 3 1 0 13818 5007 63384 3 1 0 265 268 203 156 88 300
36 13 47 5 1 0 15910 2751 40752 5 1 0 39 14 52 4 1 0 12896 1929 63537 4 1 0 229 186 209 154 87 300
27 7 48 5 1 0 13230 845 41156 5 1 0 30 8 53 5 1 0 12208 702 63661 5 1 0 198 131 212 161 82 315
22 7 47 5 1 0 13011 754 41674 5 1 0 25 8 52 5 1 0 11740 601 63723 5 1 0 216 126 246 160 80 314
14 8 15 3 1 0 7297 849 11185 3 1 0 16 8 16 3 1 0 1658 722 2395 3 1 0 271 136 250 93 83 104
22 16 18 1 1 0 11882 2952 12363 1 1 0 24 19 19 2 1 0 2409 2672 2517 2 1 0 355 273 251 96 88 103
30 34 17 1 1 0 15869 20058 11486 1 1 0 32 36 18 1 1 0 3135 3324 2391 1 1 0 426 506 226 99 89 102
38 40 14 1 1 0 20725 21659 9499 1 1 0 40 43 15 0 0 0 3730 3883 1362 0 0 0 507 545 166 91 90 19
44 43 12 0 0 0 25482 22664 10184 0 0 0 47 46 11 0 0 0 4305 4178 1084 0 0 0 567 563 109 91 90 10
48 45 11 0 0 0 27060 24485 11296 0 0 0 50 48 11 0 0 0 4581 4321 1034 0 0 0 546 552 96 90 89 5
55 48 20 0 0 0 35101 26711 21417 0 0 0 58 51 19 0 0 0 5223 4675 1739 0 0 0 590 568 133 89 89 5
65 58 24 0 0 0 45399 34913 25475 0 0 0 68 59 24 0 0 0 6066 5416 2100 0 0 0 646 619 137 89 88 5
72 71 24 0 0 0 52509 46467 26172 0 0 0 74 75 24 0 0 0 6654 6600 2126 0 0 0 682 660 136 88 88 5
80 87 23 0 0 0 59954 65051 26325 0 0 0 82 88 23 0 0 0 7302 7878 2047 0 0 0 708 714 140 88 87 2
90 96 19 0 0 0 70655 75534 22579 0 0 0 92 98 19 0 0 0 8173 8576 1748 0 0 0 759 795 122 87 87 2
93 99 16 0 0 0 73955 81068 20586 0 0 0 95 100 17 0 0 0 8421 8816 1554 0 0 0 774 804 115 87 87 2
90 96 17 0 0 0 70306 74701 22164 0 0 0 92 98 17 0 0 0 8219 8554 1630 0 0 0 754 773 125 87 87 3
90 93 15 0 0 0 69298 70876 20784 0 0 0 92 95 15 0 0 0 8220 8429 1497 0 0 0 748 764 117 88 87 4
91 96 15 0 0 0 71349 75108 21053 0 0 0 93 98 15 0 0 0 8322 8742 1483 0 0 0 759 777 119 88 87 4
89 94 16 0 0 0 68777 71385 22339 0 0 0 91 96 16 0 0 0 8181 8742 1696 0 0 0 747 767 126 88 87 11
90 99 17 0 0 0 69838 74365 22367 0 0 0 92 100 16 0 0 0 8256 8754 1688 0 0 0 751 778 126 88 87 11
92 101 16 0 0 0 73203 83181 21608 0 0 0 95 102 16 0 0 0 8442 8879 1609 0 0 0 769 818 122 88 87 10
97 103 15 0 0 0 79675 90723 19755 0 0 0 99 105 14 0 0 0 8772 9186 1471 0 0 0 805 854 112 88 87 10
97 103 15 0 0 0 80219 90974 20094 0 0 0 99 105 15 0 0 0 8828 9203 1574 0 0 0 809 859 112 88 87 10
97 103 33 1 2 0 77550 90695 29703 1 2 0 101 105 37 1 2 0 17541 9241 63404 1 2 0 768 859 203 158 87 373
90 101 50 1 2 0 68931 88603 49072 1 2 0 94 103 54 1 2 0 16909 9112 63581 1 2 0 669 835 279 158 87 373
83 89 51 1 2 0 58070 50858 52392 1 2 0 86 93 55 1 2 0 16170 8828 63696 1 2 0 580 629 304 157 86 373
73 56 52 1 2 0 43570 18291 51847 1 2 0 75 58 56 1 2 0 15288 4958 63820 1 2 0 468 325 283 157 85 373
63 54 50 1 2 0 29444 16998 47025 1 2 0 65 55 54 1 2 0 14346 4700 63935 1 2 0 360 311 209 156 84 374
56 54 36 0 0 0 21560 17332 38818 0 0 0 57 55 38 0 0 0 4896 4634 3355 0 0 0 311 305 114 84 84 8
55 55 11 0 0 0 17646 17806 7762 0 0 0 56 56 12 0 0 0 4863 4766 1235 0 0 0 310 314 51 85 84 8
64 56 21 0 0 0 23417 18412 14418 0 0 0 65 58 22 0 0 0 5781 4929 2166 0 0 0 340 325 79 86 85 8
79 60 32 0 0 0 36455 19311 27879 0 0 0 81 62 34 0 0 0 7172 5453 3108 0 0 0 407 346 141 86 87 3
94 93 35 0 0 0 47331 43552 29842 0 0 0 96 96 36 0 0 0 8584 8765 3283 0 0 0 455 449 143 87 88 3
112 113 34 0 0 0 62975 58319 31312 0 0 0 115 119 35 0 0 0 10282 10645 3117 0 0 0 524 511 142 88 88 2
125 127 23 0 0 0 72385 68395 23545 0 0 0 128 132 23 0 0 0 11469 11735 2063 0 0 0 565 549 103 88 88 1
135 138 20 0 0 0 83708 89562 21274 0 0 0 139 141 20 0 0 0 12330 12479 1805 0 0 0 611 637 93 88 88 1
137 140 20 0 0 0 84032 89562 22629 0 0 0 142 144 20 0 0 0 12964 12924 2212 0 0 0 600 630 96 90 88 11
142 149 19 0 0 0 89488 97934 23300 0 0 0 148 151 20 0 0 0 13858 13953 2361 0 0 0 615 655 101 92 88 12
144 150 20 0 0 0 90976 103708 24081 0 0 0 151 157 21 0 0 0 14450 14264 2503 0 0 0 616 663 102 94 93 12
148 155 20 0 0 0 94319 107443 24894 0 0 0 156 160 21 0 0 0 15656 15242 6492 0 0 0 623 672 109 99 97 29
146 157 24 0 0 0 90033 106364 28586 0 0 0 155 163 24 0 0 0 15967 16032 6498 0 0 0 595 662 119 101 98 29
145 157 24 0 0 0 87619 102678 29109 0 0 0 154 164 24 0 0 0 15856 16017 6455 0 0 0 583 647 120 101 99 27
139 140 25 0 0 0 79511 74418 29323 0 0 0 148 150 25 0 0 0 15455 15029 6790 0 0 0 550 542 119 102 99 28
131 130 26 0 0 0 69792 57851 27507 0 0 0 140 137 26 0 0 0 14920 13839 6913 0 0 0 511 468 107 104 100 29
123 118 25 0 0 0 62019 52365 24865 0 0 0 133 128 25 0 0 0 13795 13166 3186 0 0 0 484 453 94 103 101 12
116 115 22 0 0 0 54860 50055 18776 0 0 0 126 125 22 0 0 0 13187 12905 3005 0 0 0 461 444 71 104 102 12
111 111 19 0 0 0 50394 47647 13338 0 0 0 121 122 19 0 0 0 12869 12595 2921 0 0 0 445 439 53 105 103 13
109 110 18 0 0 0 48785 47022 11129 0 0 0 119 119 17 0 0 0 12563 12424 1962 0 0 0 441 438 43 104 103 9
106 108 18 0 0 0 46926 46352 9828 0 0 0 116 118 17 0 0 0 12230 12273 1590 0 0 0 437 436 37 104 103 7
108 109 18 0 0 0 47911 46481 11702 0 0 0 118 119 18 0 0 0 12365 12328 1676 0 0 0 439 436 44 104 103 7
107 109 20 0 0 0 47801 46364 12351 0 0 0 117 119 20 0 0 0 12305 12376 1856 0 0 0 440 440 45 104 103 7
104 107 22 0 0 0 46100 44291 12942 0 0 0 114 116 22 0 0 0 11927 12104 1923 0 0 0 439 439 47 104 104 6
99 100 22 0 0 0 43951 42071 12973 0 0 0 109 111 22 0 0 0 11531 11449 1960 0 0 0 439 438 50 105 105 6
96 96 23 0 0 0 43333 41734 13190 0 0 0 107 104 22 0 0 0 11325 11117 1981 0 0 0 444 441 53 105 106 6
95 93 22 0 0 0 43413 42105 12372 0 0 0 106 103 22 0 0 0 11237 11025 1954 0 0 0 451 449 48 106 106 6
97 95 22 0 0 0 45243 43512 12621 0 0 0 108 104 22 0 0 0 11394 11108 1915 0 0 0 459 458 49 105 105 6
104 101 25 0 0 0 49504 47870 14895 0 0 0 114 111 24 0 0 0 12052 11788 2275 0 0 0 471 466 49 105 104 7
110 114 25 0 0 0 53382 52479 15366 0 0 0 121 123 24 0 0 0 12632 12598 2306 0 0 0 477 473 49 104 103 7
115 117 23 0 0 0 56922 55038 15835 0 0 0 125 129 22 0 0 0 12970 13063 2146 0 0 0 489 480 64 103 102 6
116 119 22 0 0 0 57416 55508 15458 0 0 0 126 130 22 0 0 0 13088 13226 2119 0 0 0 488 480 63 103 102 6
120 122 22 0 0 0 59468 57621 15746 0 0 0 130 132 22 0 0 0 13396 13619 2093 0 0 0 490 483 64 103 101 7
120 124 22 0 0 0 59971 58722 15317 0 0 0 130 133 21 0 0 0 13353 13619 1980 0 0 0 493 485 64 102 101 5
120 124 20 0 0 0 59930 58732 14291 0 0 0 130 132 20 0 0 0 13328 13619 1884 0 0 0 493 485 61 102 101 5
122 125 18 0 0 0 59192 57961 12388 0 0 0 132 134 18 0 0 0 13519 13633 1940 0 0 0 480 475 46 102 100 7
122 125 17 0 0 0 59794 58739 11302 0 0 0 132 133 17 0 0 0 13540 13583 1844 0 0 0 485 481 46 101 100 7
120 123 18 0 0 0 58757 58143 11516 0 0 0 130 132 18 0 0 0 13366 13495 1882 0 0 0 485 481 46 102 100 7
120 123 19 0 0 0 58290 58210 10808 0 0 0 129 132 19 0 0 0 13290 13382 1924 0 0 0 485 481 43 102 100 7
121 123 20 0 0 0 59804 58903 12392 0 0 0 130 133 19 0 0 0 13372 13350 1984 0 0 0 491 485 48 102 100 7
119 122 21 0 0 0 59823 59380 12494 0 0 0 129 132 20 0 0 0 13223 13141 1839 0 0 0 498 493 46 102 101 5
122 125 22 0 0 0 61673 60685 13335 0 0 0 132 136 21 0 0 0 13535 13545 1915 0 0 0 501 497 46 102 101 6
126 132 23 0 0 0 65073 63183 15672 0 0 0 136 139 27 0 0 0 13898 13916 2388 0 0 0 509 502 51 101 101 5
