0 0 0 7 70 60 3 0 44 7 70 60 0 0 0 14 34 39 4 0 36 14 34 39 3 0 44 4 0 34
0 0 0 7 70 61 3 0 44 7 70 61 0 0 0 14 34 37 4 0 36 14 34 37 3 0 44 4 0 34
0 0 0 6 82 70 3 0 44 6 82 70 0 0 0 14 34 42 8 0 53 14 34 42 3 0 44 5 0 35
0 0 2 6 81 74 18 0 184 6 81 74 0 0 2 18 26 39 428 0 5840 18 26 39 4 0 46 22 0 195
1 0 7 7 66 65 35811 0 201883 7 66 65 13 0 75 19 23 33 1165 0 7078 19 23 33 983 0 5523 28 0 204
3 0 11 11 38 52 115939 0 364239 11 38 52 42 0 137 22 18 26 2736 0 9277 22 18 26 3550 0 10944 36 0 207
3 0 11 11 38 47 115939 0 364239 11 38 47 42 0 137 23 17 23 2736 0 9277 23 17 23 3550 0 10944 36 0 207
3 0 11 11 38 51 115939 0 364239 11 38 51 42 0 137 19 21 30 2736 0 9277 19 21 30 3550 0 10944 35 0 207
3 0 11 11 38 50 115939 0 364239 11 38 50 42 0 137 18 22 33 2735 0 9277 18 22 33 3550 0 10944 35 0 207
3 0 11 11 38 52 115939 0 364239 11 38 52 42 0 137 17 24 36 2735 0 9277 17 24 36 3550 0 10944 35 0 207
3 0 11 10 42 53 115938 0 364239 10 42 53 42 0 137 15 27 43 2734 0 9277 15 27 43 3549 0 10944 34 0 206
3 0 11 11 38 50 115939 0 364238 11 38 50 42 0 137 16 25 42 2735 0 9277 16 25 42 3549 0 10944 34 0 206
3 0 11 12 35 49 115940 0 364238 12 35 49 42 0 137 15 27 44 2731 0 9278 15 27 44 3549 0 10944 33 0 206
3 0 11 12 35 49 115925 0 364243 12 35 49 42 0 137 13 32 46 2311 0 7343 13 32 46 3548 0 10944 16 0 79
2 0 8 11 40 49 80131 0 312492 11 40 49 29 0 118 11 40 47 1573 0 6293 11 40 47 2568 0 9711 8 0 41
0 0 0 8 61 46 3 0 39 8 61 46 0 0 0 9 54 47 1 0 14 9 54 47 1 0 11 1 0 8
0 0 0 8 61 46 3 0 39 8 61 46 0 0 0 8 61 45 1 0 13 8 61 45 1 0 11 0 0 7
0 0 0 10 48 47 8 0 87 10 48 47 0 0 0 10 48 47 11 0 163 10 48 47 2 0 15 3 0 38
0 0 0 10 48 40 8 0 87 10 48 40 0 0 0 10 48 40 12 0 164 10 48 40 2 0 15 4 0 43
0 0 0 10 48 35 8 0 87 10 48 35 0 0 0 11 44 31 12 0 164 11 44 31 2 0 15 4 0 43
0 0 0 10 48 42 8 0 87 10 48 42 0 0 0 11 44 35 12 0 164 11 44 35 2 0 15 4 0 43
0 0 0 10 48 52 6 0 79 10 48 52 0 0 0 11 44 43 12 0 164 11 44 43 1 0 13 4 0 43
0 0 0 9 54 53 6 0 79 9 54 53 0 0 0 10 48 44 12 0 164 10 48 44 1 0 13 4 0 42
0 0 0 10 48 55 8 0 85 10 48 55 0 0 0 11 44 46 13 0 166 11 44 46 3 0 33 4 0 44
0 0 0 8 61 53 7 0 84 8 61 53 0 0 0 9 54 44 12 0 165 9 54 44 2 0 33 4 0 44
0 0 0 8 61 53 7 0 84 8 61 53 0 0 0 9 54 43 12 0 165 9 54 43 2 0 33 4 0 44
0 0 0 9 54 59 7 0 84 9 54 59 0 0 0 10 48 50 13 0 165 10 48 50 3 0 33 4 0 44
0 0 0 7 70 60 2 0 33 7 70 60 0 0 0 8 61 51 2 0 30 8 61 51 2 0 32 1 0 22
0 0 0 7 70 51 2 0 33 7 70 51 0 0 0 7 70 51 1 0 24 7 70 51 2 0 32 1 0 12
0 0 0 8 61 42 4 0 45 8 61 42 0 0 0 8 61 42 2 0 31 8 61 42 3 0 44 2 0 22
0 0 0 10 48 40 4 0 46 10 48 40 0 0 0 10 49 40 3 0 32 10 49 40 3 0 44 2 0 23
0 0 0 9 54 39 4 0 46 9 54 39 0 0 0 9 54 39 3 0 32 9 54 39 3 0 44 2 0 23
0 0 0 10 48 44 4 0 46 10 48 44 0 0 0 10 49 44 3 0 33 10 49 44 3 0 44 2 0 23
0 0 0 8 61 39 2 0 33 8 61 39 0 0 0 8 61 39 2 0 23 8 61 39 2 0 32 1 0 20
1 0 8 10 46 34 42191 0 214879 10 46 34 15 0 76 10 46 34 864 0 4107 10 46 34 1169 0 5778 10 0 72
1 0 8 12 38 30 42193 0 214879 12 38 30 15 0 76 12 38 31 866 0 4106 12 38 31 1171 0 5777 12 0 80
1 0 8 11 41 35 42193 0 214879 11 41 35 15 0 76 11 41 35 866 0 4106 11 41 35 1171 0 5777 12 0 80
1 0 8 11 41 44 42193 0 214879 11 41 44 15 0 76 11 41 44 866 0 4106 11 41 44 1171 0 5777 12 0 80
1 0 8 11 41 47 42193 0 214879 11 41 47 15 0 76 11 41 48 866 0 4106 11 41 48 1171 0 5777 12 0 80
1 0 8 12 38 48 42192 0 214879 12 38 48 15 0 76 12 38 48 866 0 4106 12 38 48 1170 0 5778 11 0 78
1 0 8 10 46 50 42192 0 214879 10 46 50 15 0 76 10 46 50 865 0 4106 10 46 50 1169 0 5778 11 0 78
1 0 8 12 38 44 42194 0 214878 12 38 44 15 0 76 12 38 44 867 0 4106 12 38 44 1171 0 5777 12 0 80
1 0 8 11 41 46 42193 0 214878 11 41 46 15 0 76 11 41 46 866 0 4106 11 41 46 1171 0 5777 12 0 80
2 0 10 13 34 45 63304 0 262329 13 34 45 23 0 94 13 33 45 1330 0 5108 13 33 45 1708 0 6869 18 0 95
1 0 6 11 42 46 21115 0 156285 11 42 46 7 0 57 11 42 46 468 0 3167 11 42 46 540 0 3880 10 0 66
1 0 6 10 47 39 21113 0 156285 10 47 39 7 0 57 10 47 39 466 0 3167 10 47 39 539 0 3880 8 0 56
1 0 6 10 47 43 21113 0 156285 10 47 43 7 0 57 10 47 43 466 0 3167 10 47 43 539 0 3880 8 0 56
1 0 6 10 47 56 21113 0 156285 10 47 56 7 0 57 10 47 56 466 0 3167 10 47 56 539 0 3880 8 0 56
1 0 6 11 42 58 21115 0 156285 11 42 58 7 0 57 11 42 58 467 0 3167 11 42 58 539 0 3880 8 0 56
1 0 6 9 52 63 21114 0 156285 9 52 63 7 0 57 9 52 63 466 0 3167 9 52 63 539 0 3880 8 0 56
1 0 6 10 47 67 21115 0 156285 10 47 67 7 0 57 10 47 67 467 0 3167 10 47 67 539 0 3880 8 0 56
1 0 6 9 52 68 21113 0 156285 9 52 68 7 0 57 9 52 69 465 0 3167 9 52 69 538 0 3880 7 0 53
1 0 6 11 43 65 21114 0 156285 11 43 65 7 0 57 11 43 66 466 0 3167 11 43 66 538 0 3880 7 0 53
0 0 0 8 61 69 4 0 43 8 61 69 0 0 0 8 61 70 2 0 25 8 61 70 1 0 11 0 0 6
0 0 0 9 54 53 5 0 53 9 54 53 0 0 0 9 54 54 3 0 31 9 54 54 2 0 33 1 0 20
0 0 0 9 54 43 5 0 53 9 54 43 0 0 0 9 54 44 3 0 31 9 54 44 2 0 33 1 0 20
0 0 0 9 54 45 5 0 53 9 54 45 0 0 0 9 54 45 3 0 31 9 54 45 2 0 33 1 0 20
0 0 0 9 54 57 5 0 53 9 54 57 0 0 0 9 54 57 3 0 31 9 54 57 2 0 33 1 0 20
0 0 0 8 61 57 3 0 36 8 61 57 0 0 0 8 61 57 2 0 25 8 61 57 2 0 32 1 0 20
0 0 0 9 54 55 3 0 37 9 54 55 0 0 0 9 54 55 3 0 27 9 54 55 2 0 32 1 0 20
0 0 0 9 54 55 4 0 47 9 54 55 0 0 0 9 54 55 3 0 33 9 54 55 3 0 44 2 0 22
0 0 0 10 49 52 5 0 48 10 49 52 0 0 0 10 49 52 4 0 35 10 49 52 3 0 44 2 0 23
0 0 0 9 54 52 4 0 47 9 54 52 0 0 0 9 54 52 3 0 33 9 54 52 3 0 44 2 0 22
0 0 0 9 54 52 4 0 47 9 54 52 0 0 0 9 54 52 3 0 32 9 54 52 3 0 44 2 0 23
0 0 0 8 61 45 3 0 35 8 61 45 0 0 0 8 61 45 2 0 26 8 61 45 2 0 31 1 0 12
0 0 0 9 54 38 3 0 36 9 54 38 0 0 0 9 54 38 2 0 27 9 54 38 2 0 32 1 0 13
0 0 0 10 48 29 6 0 65 10 48 29 0 0 0 10 48 29 4 0 52 10 48 29 2 0 32 1 0 13
0 0 0 10 48 31 6 0 65 10 48 31 0 0 0 10 48 31 4 0 52 10 48 31 2 0 32 1 0 13
0 0 0 10 48 30 6 0 65 10 48 30 0 0 0 11 44 30 5 0 56 11 44 30 2 0 32 2 0 23
0 0 0 9 54 33 5 0 64 9 54 33 0 0 0 10 48 33 5 0 55 10 48 33 2 0 32 2 0 23
0 0 0 10 48 40 4 0 58 10 48 40 0 0 0 10 48 38 5 0 52 10 48 38 1 0 8 2 0 21
0 0 0 9 54 38 4 0 56 9 54 38 0 0 0 10 48 38 4 0 51 10 48 38 1 0 8 2 0 21
0 0 0 9 54 39 5 0 64 9 54 39 0 0 0 10 48 39 5 0 54 10 48 39 2 0 32 2 0 28
0 0 0 9 54 32 5 0 64 9 54 32 0 0 0 10 48 32 5 0 54 10 48 32 2 0 32 2 0 28
0 0 0 9 54 31 5 0 64 9 54 31 0 0 0 10 48 32 5 0 54 10 48 32 2 0 32 2 0 28
0 0 0 8 61 42 5 0 64 8 61 42 0 0 0 9 54 42 5 0 54 9 54 42 2 0 32 2 0 28
0 0 0 7 70 53 2 0 34 7 70 53 0 0 0 8 61 54 2 0 29 8 61 54 1 0 31 2 0 27
0 0 0 8 61 61 2 0 34 8 61 61 0 0 0 9 54 61 3 0 30 9 54 61 2 0 31 2 0 27
0 0 0 9 54 57 4 0 46 9 54 57 0 0 0 9 54 57 3 0 30 9 54 57 3 0 44 2 0 27
0 0 0 10 49 54 4 0 47 10 49 54 0 0 0 10 48 54 3 0 31 10 48 54 3 0 44 2 0 28
0 0 0 9 54 55 4 0 46 9 54 55 0 0 0 9 54 55 3 0 31 9 54 55 3 0 44 2 0 27
0 0 0 8 61 57 4 0 46 8 61 57 0 0 0 8 61 57 3 0 30 8 61 57 3 0 44 2 0 27
0 0 0 7 70 65 2 0 35 7 70 65 0 0 0 7 70 66 2 0 24 7 70 66 2 0 31 1 0 20
0 0 0 7 70 58 2 0 35 7 70 58 0 0 0 7 70 58 2 0 24 7 70 58 2 0 31 1 0 20
0 0 0 8 61 45 4 0 46 8 61 45 0 0 0 8 61 45 3 0 32 8 61 45 3 0 44 2 0 22
0 0 0 8 61 37 4 0 46 8 61 37 0 0 0 8 61 37 3 0 32 8 61 37 3 0 44 2 0 22
0 0 0 8 61 44 4 0 46 8 61 44 0 0 0 8 61 44 3 0 32 8 61 44 3 0 44 2 0 22
0 0 0 7 70 58 4 0 46 7 70 58 0 0 0 7 70 58 3 0 32 7 70 58 3 0 44 1 0 22
0 0 0 7 70 64 3 0 36 7 70 64 0 0 0 7 70 64 2 0 27 7 70 64 1 0 31 1 0 12
0 0 0 7 70 64 3 0 36 7 70 64 0 0 0 7 70 64 2 0 27 7 70 64 1 0 31 1 0 12
0 0 0 7 70 58 4 0 46 7 70 58 0 0 0 7 70 58 3 0 33 7 70 58 3 0 44 1 0 16
0 0 0 7 70 51 4 0 46 7 70 51 0 0 0 7 70 51 3 0 33 7 70 51 3 0 44 1 0 16
0 0 0 7 70 57 4 0 46 7 70 57 0 0 0 8 61 55 3 0 38 8 61 55 3 0 44 2 0 25
0 0 0 7 70 60 4 0 46 7 70 60 0 0 0 8 61 54 3 0 38 8 61 54 3 0 44 2 0 25
0 0 0 6 82 52 2 0 34 6 82 52 0 0 0 7 70 48 2 0 31 7 70 48 1 0 31 1 0 22
0 0 0 7 70 43 3 0 36 7 70 43 0 0 0 8 61 37 3 0 33 8 61 37 1 0 31 1 0 22
0 0 0 8 61 37 5 0 55 8 61 37 0 0 0 9 54 30 5 0 46 9 54 30 2 0 32 2 0 29
0 0 0 9 54 38 6 0 56 9 54 38 0 0 0 10 49 30 5 0 47 10 49 30 2 0 32 3 0 29
0 0 0 8 61 35 5 0 55 8 61 35 0 0 0 9 54 28 5 0 46 9 54 28 2 0 32 2 0 29
0 0 0 7 70 33 5 0 55 7 70 33 0 0 0 8 61 27 5 0 45 8 61 27 2 0 32 2 0 29
0 0 0 6 82 36 3 0 45 6 82 36 0 0 0 7 70 35 4 0 40 7 70 35 0 0 9 2 0 27
0 0 0 6 82 49 3 0 45 6 82 49 0 0 0 7 70 50 4 0 40 7 70 50 0 0 9 2 0 27
0 0 0 7 70 65 5 0 55 7 70 65 0 0 0 7 70 65 4 0 40 7 70 65 2 0 32 2 0 27
0 0 0 8 61 60 5 0 55 8 61 60 0 0 0 8 61 60 4 0 41 8 61 60 2 0 32 2 0 27
0 0 0 8 61 59 5 0 55 8 61 59 0 0 0 8 61 59 4 0 41 8 61 59 2 0 32 2 0 27
0 0 0 7 70 64 5 0 55 7 70 64 0 0 0 7 70 64 4 0 40 7 70 64 2 0 32 2 0 27
0 0 0 7 70 69 3 0 36 7 70 69 0 0 0 7 70 70 2 0 25 7 70 70 1 0 31 1 0 20
0 0 0 6 82 71 2 0 34 6 82 71 0 0 0 6 82 71 2 0 23 6 82 71 1 0 31 1 0 20
0 0 0 7 70 62 5 0 55 7 70 62 0 0 0 7 70 62 4 0 40 7 70 62 2 0 32 2 0 27
0 0 0 7 70 46 5 0 55 7 70 46 0 0 0 7 70 46 4 0 40 7 70 46 2 0 32 2 0 27
0 0 0 7 70 43 5 0 55 7 70 43 0 0 0 7 70 43 4 0 40 7 70 43 2 0 32 2 0 27
0 0 0 7 70 55 5 0 55 7 70 55 0 0 0 7 70 55 4 0 40 7 70 55 2 0 32 2 0 27
0 0 0 6 82 73 3 0 45 6 82 73 0 0 0 6 82 73 3 0 35 6 82 73 0 0 9 1 0 20
0 0 0 5 99 77 3 0 44 5 99 77 0 0 0 5 99 77 2 0 34 5 99 77 0 0 9 1 0 20
0 0 0 6 82 72 4 0 54 6 82 72 0 0 0 6 82 72 3 0 40 6 82 72 2 0 32 1 0 22
0 0 0 6 82 70 4 0 54 6 82 70 0 0 0 6 82 70 3 0 40 6 82 70 2 0 32 1 0 22
0 0 0 5 99 72 4 0 53 5 99 72 0 0 0 5 99 72 3 0 39 5 99 72 2 0 32 1 0 22
0 0 0 5 99 85 4 0 53 5 99 85 0 0 0 5 99 85 3 0 39 5 99 85 2 0 32 1 0 22
0 0 0 4 124 76 1 0 32 4 124 76 0 0 0 4 124 76 1 0 22 4 124 76 1 0 31 0 0 11
0 0 0 4 124 50 1 0 32 4 124 50 0 0 0 4 124 50 1 0 22 4 124 50 1 0 31 0 0 11
0 0 0 5 99 56 3 0 44 5 99 56 0 0 0 5 99 56 2 0 30 5 99 56 3 0 44 1 0 15
0 0 0 5 99 45 3 0 44 5 99 45 0 0 0 5 99 45 2 0 30 5 99 45 3 0 44 1 0 15
0 0 0 5 99 54 3 0 44 5 99 54 0 0 0 5 99 54 2 0 30 5 99 54 3 0 44 1 0 15
0 0 0 5 99 57 3 0 44 5 99 57 0 0 0 5 99 57 2 0 30 5 99 57 3 0 44 1 0 15
0 0 0 4 124 30 1 0 32 4 124 30 0 0 0 4 124 30 1 0 22 4 124 30 1 0 31 0 0 11
0 0 0 4 124 6 1 0 32 4 124 6 0 0 0 4 124 6 1 0 22 4 124 6 1 0 31 0 0 11
0 0 0 5 99 56 3 0 44 5 99 56 0 0 0 5 99 56 2 0 30 5 99 56 3 0 44 1 0 15
0 0 0 5 99 55 3 0 44 5 99 55 0 0 0 5 99 55 2 0 30 5 99 55 3 0 44 1 0 15
0 0 0 5 99 48 3 0 44 5 99 48 0 0 0 5 99 48 2 0 30 5 99 48 3 0 44 1 0 15
0 0 0 5 99 47 3 0 44 5 99 47 0 0 0 5 99 47 2 0 30 5 99 47 3 0 44 1 0 15
0 0 0 4 124 35 1 0 32 4 124 35 0 0 0 4 124 35 1 0 22 4 124 35 1 0 31 0 0 11
0 0 0 4 124 53 1 0 32 4 124 53 0 0 0 4 124 53 1 0 22 4 124 53 1 0 31 0 0 11
0 0 0 5 99 88 3 0 44 5 99 88 0 0 0 5 99 88 2 0 30 5 99 88 3 0 44 1 0 15
0 0 0 5 99 78 3 0 44 5 99 78 0 0 0 5 99 78 2 0 30 5 99 78 3 0 44 1 0 15
0 0 0 5 99 70 3 0 44 5 99 70 0 0 0 5 99 70 2 0 30 5 99 70 3 0 44 1 0 15
0 0 0 5 99 75 3 0 44 5 99 75 0 0 0 5 99 75 2 0 30 5 99 75 3 0 44 1 0 15
0 0 0 4 124 85 3 0 51 4 124 85 0 0 0 4 124 85 1 0 22 4 124 85 2 0 34 0 0 12
3 0 12 5 89 96 86745 0 286920 5 89 96 28 0 96 5 89 96 1557 0 5215 5 89 96 2103 0 6985 8 0 44
6 0 15 7 57 83 168667 0 398565 7 57 83 56 0 136 6 67 86 3072 0 7329 6 67 86 4244 0 9975 16 0 65
6 0 15 8 50 68 168667 0 398565 8 50 68 56 0 136 7 57 69 3072 0 7329 7 57 69 4244 0 9975 16 0 65
6 0 15 8 50 63 168667 0 398565 8 50 63 56 0 136 7 57 64 3072 0 7329 7 57 64 4244 0 9975 16 0 65
6 0 15 8 50 68 168667 0 398565 8 50 68 56 0 136 7 57 70 3072 0 7329 7 57 70 4244 0 9975 16 0 65
6 0 15 7 58 84 168666 0 398566 7 58 84 56 0 136 6 67 87 3071 0 7329 6 67 87 4243 0 9975 16 0 65
6 0 15 8 50 75 168668 0 398565 8 50 75 56 0 136 7 57 78 3071 0 7329 7 57 78 4243 0 9975 16 0 65
6 0 15 8 50 70 168668 0 398565 8 50 70 56 0 136 7 57 72 3071 0 7329 7 57 72 4243 0 9975 16 0 65
6 0 15 8 50 73 168668 0 398565 8 50 73 56 0 136 7 57 75 3071 0 7329 7 57 75 4243 0 9975 16 0 65
6 0 15 7 57 87 168666 0 398566 7 57 87 56 0 136 6 67 90 3071 0 7329 6 67 90 4243 0 9975 16 0 65
2 0 10 8 56 91 81925 0 301236 8 56 91 28 0 105 7 64 94 1515 0 5588 7 64 94 2141 0 7727 9 0 50
0 0 0 7 70 91 4 0 48 7 70 91 0 0 0 7 70 91 2 0 24 7 70 91 2 0 24 1 0 12
0 0 0 7 70 78 4 0 48 7 70 78 0 0 0 7 70 78 2 0 24 7 70 78 2 0 24 1 0 12
0 0 0 7 70 72 4 0 48 7 70 72 0 0 0 7 70 72 2 0 24 7 70 72 2 0 24 1 0 12
0 0 0 7 70 76 4 0 48 7 70 76 0 0 0 7 70 76 2 0 24 7 70 76 2 0 24 1 0 12
0 0 0 7 70 89 4 0 48 7 70 89 0 0 0 7 70 89 2 0 24 7 70 89 2 0 24 1 0 12
0 0 0 6 82 86 2 0 35 6 82 86 0 0 0 6 82 86 1 0 23 6 82 86 1 0 17 0 0 12
0 0 0 6 82 75 2 0 35 6 82 75 0 0 0 6 82 75 1 0 23 6 82 75 1 0 17 0 0 12
0 0 0 7 70 66 3 0 47 7 70 66 0 0 0 7 70 66 2 0 31 7 70 66 2 0 35 1 0 16
0 0 0 9 54 65 4 0 48 9 54 65 0 0 0 8 61 66 3 0 32 8 61 66 2 0 36 1 0 16
0 0 0 7 70 67 4 0 47 7 70 67 0 0 0 7 70 67 2 0 32 7 70 67 2 0 35 1 0 16
0 0 0 6 82 67 2 0 33 6 82 67 0 0 0 6 82 67 1 0 24 6 82 67 1 0 31 0 0 12
0 0 0 6 82 47 2 0 33 6 82 47 0 0 0 6 82 47 1 0 24 6 82 47 1 0 31 0 0 12
0 0 0 7 70 47 3 0 45 7 70 47 0 0 0 7 70 46 2 0 31 7 70 46 3 0 44 1 0 22
0 0 0 7 70 35 3 0 45 7 70 35 0 0 0 7 70 35 2 0 31 7 70 35 3 0 44 1 0 22
0 0 0 7 70 41 3 0 45 7 70 41 0 0 0 7 70 41 2 0 31 7 70 41 3 0 44 1 0 22
0 0 0 7 70 42 3 0 45 7 70 42 0 0 0 7 70 41 2 0 31 7 70 41 3 0 44 1 0 22
0 0 0 7 70 46 3 0 45 7 70 46 0 0 0 7 70 46 2 0 31 7 70 46 3 0 44 1 0 22
0 0 0 6 82 47 2 0 35 6 82 47 0 0 0 6 82 47 1 0 22 6 82 47 2 0 31 1 0 20
0 0 0 5 99 33 2 0 33 5 99 33 0 0 0 5 99 34 1 0 22 5 99 34 1 0 31 1 0 19
0 0 0 6 82 45 3 0 45 6 82 45 0 0 0 6 82 45 2 0 29 6 82 45 3 0 44 2 0 27
0 0 0 6 82 35 3 0 45 6 82 35 0 0 0 6 82 36 2 0 29 6 82 36 3 0 44 2 0 27
0 0 0 6 82 31 3 0 45 6 82 31 0 0 0 6 82 32 2 0 29 6 82 32 3 0 44 2 0 27
0 0 0 5 99 34 2 0 33 5 99 34 0 0 0 5 99 35 1 0 21 5 99 35 1 0 31 1 0 20
0 0 0 5 99 49 2 0 33 5 99 49 0 0 0 5 99 50 1 0 21 5 99 50 1 0 31 1 0 20
0 0 0 5 99 76 2 0 33 5 99 76 0 0 0 5 99 76 1 0 21 5 99 76 1 0 31 1 0 20
0 0 0 6 82 74 3 0 45 6 82 74 0 0 0 6 82 74 2 0 29 6 82 74 3 0 44 2 0 27
0 0 0 6 82 72 3 0 45 6 82 72 0 0 0 6 82 72 2 0 29 6 82 72 3 0 44 2 0 27
0 0 0 6 82 72 3 0 45 6 82 72 0 0 0 6 82 72 3 0 30 6 82 72 3 0 44 2 0 27
0 0 0 6 82 77 3 0 45 6 82 77 0 0 0 5 98 75 2 0 29 5 98 75 3 0 44 2 0 27
0 0 0 5 99 85 2 0 33 5 99 85 0 0 0 5 99 85 1 0 21 5 99 85 1 0 31 1 0 20
0 0 0 6 82 77 3 0 45 6 82 77 0 0 0 6 82 78 2 0 30 6 82 78 3 0 44 1 0 22
0 0 0 6 82 59 3 0 45 6 82 59 0 0 0 6 82 59 2 0 30 6 82 59 3 0 44 1 0 22
0 0 0 6 82 51 3 0 45 6 82 51 0 0 0 6 82 51 2 0 30 6 82 51 3 0 44 1 0 22
0 0 0 6 82 58 3 0 45 6 82 58 0 0 0 6 82 58 2 0 30 6 82 58 3 0 44 1 0 22
0 0 0 6 82 76 3 0 45 6 82 76 0 0 0 6 82 76 2 0 30 6 82 76 3 0 44 1 0 22
0 0 0 5 99 77 2 0 33 5 99 77 0 0 0 5 99 77 1 0 23 5 99 77 1 0 31 0 0 11
0 0 0 5 99 77 2 0 34 5 99 77 0 0 0 5 99 77 2 0 25 5 99 77 1 0 31 0 0 12
0 0 0 6 82 67 3 0 45 6 82 67 0 0 0 6 82 67 2 0 32 6 82 67 3 0 44 1 0 16
0 0 0 6 82 64 3 0 45 6 82 64 0 0 0 6 82 64 2 0 32 6 82 64 3 0 44 1 0 16
0 0 0 6 82 73 3 0 45 6 82 73 0 0 0 6 82 73 2 0 32 6 82 73 3 0 44 1 0 16
0 0 0 5 99 75 2 0 33 5 99 75 0 0 0 5 99 75 1 0 23 5 99 75 1 0 31 0 0 11
0 0 0 5 99 55 2 0 33 5 99 55 0 0 0 5 99 55 1 0 23 5 99 55 1 0 31 0 0 11
0 0 0 6 82 56 3 0 45 6 82 56 0 0 0 6 82 56 2 0 30 6 82 56 3 0 44 1 0 22
0 0 0 6 82 46 3 0 45 6 82 46 0 0 0 6 82 46 2 0 30 6 82 46 3 0 44 1 0 22
0 0 0 6 82 52 3 0 45 6 82 52 0 0 0 6 82 52 2 0 30 6 82 52 3 0 44 1 0 22
0 0 0 6 82 52 4 0 46 6 82 52 0 0 0 7 70 56 3 0 31 7 70 56 3 0 44 1 0 22
0 0 0 6 82 56 3 0 45 6 82 56 0 0 0 6 82 56 2 0 30 6 82 56 3 0 44 1 0 22
0 0 0 5 99 43 2 0 33 5 99 43 0 0 0 5 99 43 1 0 21 5 99 43 1 0 31 1 0 20
0 0 0 5 99 56 2 0 33 5 99 56 0 0 0 5 99 56 1 0 21 5 99 56 1 0 31 1 0 20
0 0 0 6 82 62 3 0 45 6 82 62 0 0 0 6 82 62 2 0 29 6 82 62 3 0 44 2 0 27
0 0 0 8 61 59 4 0 46 8 61 59 0 0 0 8 61 59 3 0 30 8 61 59 3 0 44 2 0 27
0 0 0 8 61 55 4 0 46 8 61 55 0 0 0 8 61 55 3 0 30 8 61 55 3 0 44 2 0 27
0 0 0 7 70 60 2 0 34 7 70 60 0 0 0 7 70 60 2 0 23 7 70 60 1 0 31 1 0 20
0 0 0 7 70 66 2 0 34 7 70 66 0 0 0 7 70 66 2 0 23 7 70 66 1 0 31 1 0 20
0 0 0 8 61 66 3 0 35 8 61 66 0 0 0 8 61 66 2 0 24 8 61 66 2 0 31 1 0 20
0 0 0 8 61 57 4 0 53 8 61 57 0 0 0 8 61 57 4 0 39 8 61 57 2 0 32 2 0 27
0 0 0 8 61 48 4 0 53 8 61 48 0 0 0 8 61 48 4 0 39 8 61 48 2 0 32 2 0 27
0 0 0 8 61 52 4 0 53 8 61 52 0 0 0 8 61 52 4 0 39 8 61 52 2 0 32 2 0 27
2 0 8 9 50 56 76931 0 289599 9 50 56 22 0 86 9 50 56 1203 0 4642 9 50 56 2491 0 9485 10 0 67
2 0 9 10 43 54 94840 0 323095 10 43 54 27 0 96 10 43 54 1506 0 5145 10 43 54 3140 0 10677 13 0 78
2 0 9 8 55 55 94840 0 323095 8 55 55 27 0 96 8 55 56 1506 0 5145 8 55 56 3140 0 10677 13 0 78
2 0 9 8 55 47 94840 0 323095 8 55 47 27 0 96 8 55 47 1506 0 5145 8 55 47 3140 0 10677 13 0 78
2 0 9 8 55 51 94840 0 323095 8 55 51 27 0 96 8 55 51 1506 0 5145 8 55 51 3140 0 10677 13 0 78
2 0 9 8 55 65 94840 0 323095 8 55 65 27 0 96 8 55 65 1506 0 5145 8 55 65 3140 0 10677 13 0 78
2 0 9 7 63 83 94839 0 323095 7 63 83 27 0 96 7 63 83 1505 0 5145 7 63 83 3140 0 10677 13 0 78
2 0 9 7 63 80 94839 0 323095 7 63 80 27 0 96 7 63 80 1504 0 5145 7 63 80 3141 0 10676 12 0 76
2 0 9 7 63 78 94839 0 323095 7 63 78 27 0 96 7 63 78 1504 0 5145 7 63 78 3141 0 10676 12 0 76
2 0 9 8 55 78 94839 0 323095 8 55 78 27 0 96 8 55 78 1505 0 5145 8 55 78 3141 0 10676 12 0 76
0 0 3 10 47 71 17913 0 152570 10 47 71 5 0 44 10 47 71 306 0 2376 10 47 71 652 0 5220 5 0 46
0 0 0 9 54 73 2 0 33 9 54 73 0 0 0 9 54 73 2 0 23 9 54 73 2 0 32 1 0 12
0 0 0 9 54 63 2 0 33 9 54 63 0 0 0 9 54 64 2 0 24 9 54 64 2 0 32 1 0 12
0 0 0 10 49 48 4 0 51 10 49 48 0 0 0 10 49 48 3 0 33 10 49 48 2 0 32 2 0 23
0 0 1 13 37 38 229 0 4649 13 37 38 0 0 1 13 37 38 51 0 757 13 37 38 10 0 129 7 0 62
3 0 13 14 31 32 52760 0 210852 14 31 32 19 0 76 14 31 32 1084 0 4101 14 31 32 1117 0 4371 12 0 65
3 0 13 16 27 30 52812 0 210841 16 27 30 19 0 76 16 27 30 1101 0 4106 16 27 30 1128 0 4372 15 0 71
3 0 13 15 29 27 52811 0 210842 15 29 27 19 0 76 15 29 27 1100 0 4106 15 29 27 1126 0 4372 14 0 70
3 0 13 15 29 27 52811 0 210842 15 29 27 19 0 76 15 29 27 1100 0 4106 15 29 27 1126 0 4372 14 0 70
3 0 13 15 29 30 52811 0 210842 15 29 30 19 0 76 15 29 30 1100 0 4106 15 29 30 1126 0 4372 14 0 70
3 0 13 11 40 34 52810 0 210842 11 40 34 19 0 76 11 40 34 1099 0 4107 11 40 34 1126 0 4372 14 0 70
3 0 13 11 40 41 52810 0 210842 11 40 41 19 0 76 11 40 41 1099 0 4107 11 40 41 1126 0 4372 14 0 70
3 0 13 12 37 42 52811 0 210841 12 37 42 19 0 76 12 36 42 1100 0 4106 12 36 42 1127 0 4372 15 0 73
3 0 13 11 40 45 52810 0 210842 11 40 45 19 0 76 11 40 44 1099 0 4107 11 40 44 1127 0 4372 14 0 70
3 0 13 8 56 55 52584 0 210847 8 56 55 19 0 76 8 56 54 1051 0 4049 8 56 54 1119 0 4372 9 0 40
0 0 0 10 48 52 55 0 1041 10 48 52 0 0 5 10 48 52 19 0 285 10 48 52 12 0 180 4 0 35
0 0 0 9 54 55 2 0 34 9 54 55 0 0 0 9 54 55 2 0 23 9 54 55 2 0 31 1 0 20
0 0 0 9 54 54 2 0 34 9 54 54 0 0 0 9 54 54 2 0 22 9 54 54 2 0 31 1 0 20
0 0 0 11 44 51 4 0 47 11 44 51 0 0 0 11 44 51 3 0 31 11 44 51 3 0 44 2 0 28
0 0 0 10 49 50 4 0 46 10 49 50 0 0 0 10 48 49 3 0 29 10 48 49 3 0 44 2 0 28
0 0 0 10 49 52 4 0 46 10 49 52 0 0 0 10 48 51 3 0 29 10 48 51 3 0 44 2 0 28
0 0 0 10 49 62 4 0 46 10 49 62 0 0 0 10 48 62 3 0 29 10 48 62 3 0 44 2 0 28
0 0 0 9 54 63 2 0 34 9 54 63 0 0 0 9 54 63 2 0 22 9 54 63 2 0 31 1 0 20
0 0 0 9 54 62 2 0 34 9 54 62 0 0 0 9 54 62 2 0 22 9 54 62 2 0 31 1 0 20
0 0 0 9 54 62 4 0 47 9 54 62 0 0 0 10 48 61 3 0 32 10 48 61 3 0 44 2 0 23
0 0 0 7 70 59 4 0 47 7 70 59 0 0 0 7 70 59 3 0 32 7 70 59 3 0 44 2 0 22
0 0 0 7 70 66 4 0 47 7 70 66 0 0 0 7 70 66 3 0 32 7 70 66 3 0 44 2 0 22
0 0 0 8 61 69 4 0 48 8 61 69 0 0 0 8 61 69 3 0 33 8 61 69 3 0 44 2 0 23
0 0 0 6 82 61 2 0 35 6 82 61 0 0 0 6 82 61 2 0 25 6 82 61 1 0 31 1 0 12
0 0 0 6 82 56 2 0 35 6 82 56 0 0 0 6 82 56 2 0 25 6 82 56 1 0 31 1 0 12
0 0 0 7 70 56 4 0 47 7 70 56 0 0 0 7 70 56 3 0 32 7 70 56 3 0 44 2 0 22
0 0 0 7 70 58 4 0 47 7 70 58 0 0 0 7 70 57 3 0 32 7 70 57 3 0 44 2 0 22
0 0 0 7 70 56 4 0 47 7 70 56 0 0 0 7 70 56 3 0 32 7 70 56 3 0 44 2 0 22
0 0 0 8 61 57 4 0 48 8 61 57 0 0 0 8 61 56 3 0 34 8 61 56 3 0 44 2 0 23
0 0 0 6 82 49 2 0 34 6 82 49 0 0 0 6 82 48 2 0 24 6 82 48 1 0 31 1 0 20
0 0 0 6 82 53 2 0 34 6 82 53 0 0 0 6 82 52 2 0 24 6 82 52 1 0 31 1 0 20
0 0 0 8 61 61 4 0 47 8 61 61 0 0 0 8 61 61 3 0 32 8 61 61 3 0 44 2 0 27
0 0 0 7 70 53 4 0 46 7 70 53 0 0 0 7 70 53 3 0 31 7 70 53 3 0 44 2 0 27
0 0 0 7 70 47 4 0 46 7 70 47 0 0 0 7 70 47 3 0 31 7 70 47 3 0 44 2 0 27
0 0 0 7 70 55 4 0 46 7 70 55 0 0 0 7 70 55 3 0 31 7 70 55 3 0 44 2 0 27
0 0 0 6 82 66 2 0 34 6 82 66 0 0 0 6 82 66 2 0 24 6 82 66 1 0 31 1 0 20
0 0 0 6 82 84 2 0 34 6 82 84 0 0 0 6 82 84 2 0 24 6 82 84 1 0 31 1 0 20
0 0 0 8 61 83 4 0 48 8 61 83 0 0 0 8 61 83 3 0 33 8 61 83 3 0 44 2 0 27
0 0 0 7 70 79 4 0 47 7 70 79 0 0 0 7 70 79 3 0 31 7 70 79 3 0 44 2 0 27
0 0 0 7 70 79 4 0 47 7 70 79 0 0 0 7 70 79 3 0 31 7 70 79 3 0 44 2 0 27
0 0 0 8 61 79 4 0 48 8 61 79 0 0 0 8 61 79 3 0 32 8 61 79 3 0 44 2 0 27
0 0 0 6 82 84 2 0 35 6 82 84 0 0 0 6 82 85 2 0 24 6 82 85 1 0 31 1 0 20
0 0 0 6 82 73 2 0 35 6 82 73 0 0 0 6 82 74 2 0 24 6 82 74 1 0 31 1 0 20
0 0 0 7 70 57 4 0 47 7 70 57 0 0 0 7 70 57 3 0 32 7 70 57 3 0 44 1 0 22
0 0 0 7 70 45 4 0 47 7 70 45 0 0 0 7 70 46 3 0 32 7 70 46 3 0 44 1 0 22
0 0 0 7 70 48 4 0 47 7 70 48 0 0 0 7 70 49 3 0 32 7 70 49 3 0 44 1 0 22
0 0 0 8 61 52 5 0 49 8 61 52 0 0 0 8 61 52 4 0 35 8 61 52 3 0 44 2 0 23
0 0 0 6 82 37 3 0 36 6 82 37 0 0 0 6 82 37 2 0 28 6 82 37 2 0 31 1 0 12
0 0 0 6 82 27 3 0 36 6 82 27 0 0 0 6 82 27 2 0 28 6 82 27 2 0 31 1 0 12
0 0 0 8 61 43 5 0 62 8 61 43 0 0 0 8 61 42 5 0 54 8 61 42 2 0 32 1 0 13
0 0 0 7 70 38 5 0 61 7 70 38 0 0 0 7 70 38 4 0 53 7 70 38 2 0 32 1 0 13
0 0 0 7 70 47 5 0 61 7 70 47 0 0 0 7 70 47 4 0 53 7 70 47 2 0 32 1 0 13
0 0 0 7 70 51 5 0 61 7 70 51 0 0 0 7 70 51 4 0 53 7 70 51 2 0 32 1 0 13
0 0 0 6 82 43 4 0 53 6 82 43 0 0 0 6 82 43 3 0 49 6 82 43 0 0 7 0 0 8
0 0 0 6 82 47 4 0 53 6 82 47 0 0 0 6 82 47 3 0 49 6 82 47 0 0 7 0 0 8
0 0 0 10 48 54 34 0 425 10 48 54 0 0 1 10 48 54 146 0 2424 10 48 54 9 0 119 14 0 152
0 0 0 10 48 54 33 0 425 10 48 54 0 0 1 10 48 54 146 0 2424 10 48 54 9 0 119 13 0 152
0 0 0 10 48 49 33 0 425 10 48 49 0 0 1 10 48 50 146 0 2424 10 48 50 9 0 119 13 0 152
0 0 0 10 48 50 33 0 425 10 48 50 0 0 1 10 48 51 146 0 2424 10 48 51 9 0 119 13 0 152
0 0 0 9 54 49 31 0 422 9 54 49 0 0 1 9 54 50 144 0 2424 9 54 50 8 0 119 13 0 152
0 0 0 11 43 44 34 0 424 11 43 44 0 0 1 11 43 45 145 0 2424 11 43 45 10 0 121 15 0 154
3 0 10 11 39 44 102633 0 342177 11 39 44 38 0 129 11 39 45 2206 0 7252 11 39 45 3205 0 10594 23 0 160
4 0 11 11 36 38 158054 0 425003 11 36 38 59 0 161 11 36 39 3334 0 8838 11 36 39 5341 0 14106 29 0 164
4 0 11 11 36 33 158054 0 425003 11 36 33 59 0 161 11 36 34 3334 0 8838 11 36 34 5341 0 14106 29 0 164
4 0 11 11 36 41 158054 0 425003 11 36 41 59 0 161 11 36 41 3334 0 8838 11 36 41 5341 0 14106 29 0 164
4 0 11 7 58 57 158024 0 425014 7 58 57 59 0 161 7 58 57 3191 0 8553 7 58 57 5332 0 14108 16 0 65
4 0 11 6 69 77 158023 0 425014 6 69 77 59 0 161 6 68 77 3190 0 8553 6 68 77 5332 0 14109 15 0 65
4 0 11 7 58 78 158025 0 425014 7 58 78 59 0 161 7 58 78 3191 0 8553 7 58 78 5333 0 14108 15 0 65
4 0 11 7 58 77 158025 0 425014 7 58 77 59 0 161 7 58 77 3191 0 8553 7 58 77 5333 0 14108 15 0 65
4 0 11 6 68 85 158025 0 425014 6 68 85 59 0 161 6 68 85 3190 0 8553 6 68 85 5333 0 14108 15 0 65
4 0 11 4 104 89 158022 0 425015 4 104 89 59 0 161 4 104 89 3189 0 8554 4 104 89 5332 0 14109 14 0 60
1 0 5 6 77 83 55423 0 273712 6 77 83 21 0 104 6 77 83 1129 0 5522 6 77 83 2137 0 10021 6 0 41
0 0 0 7 70 71 2 0 35 7 70 71 0 0 0 7 70 71 1 0 12 7 70 71 1 0 18 0 0 6
0 0 0 8 61 55 4 0 52 8 61 55 0 0 0 8 61 55 2 0 27 8 61 55 2 0 20 1 0 20
0 0 0 8 61 42 4 0 52 8 61 42 0 0 0 8 61 42 2 0 27 8 61 42 2 0 20 1 0 20
0 0 0 8 61 42 4 0 52 8 61 42 0 0 0 8 61 42 2 0 27 8 61 42 2 0 20 1 0 20
0 0 0 8 61 54 4 0 52 8 61 54 0 0 0 8 61 54 2 0 27 8 61 54 2 0 20 1 0 20
0 0 0 7 70 55 3 0 39 7 70 55 0 0 0 7 70 56 2 0 25 7 70 56 1 0 12 1 0 20
0 0 0 7 70 51 3 0 39 7 70 51 0 0 0 7 70 51 2 0 25 7 70 51 1 0 12 1 0 20
0 0 0 9 54 55 7 0 74 9 54 55 0 0 0 9 54 55 6 0 73 9 54 55 3 0 38 4 0 43
0 0 0 9 54 54 7 0 74 9 54 54 0 0 0 9 54 54 6 0 73 9 54 54 3 0 38 4 0 43
0 0 0 7 70 55 7 0 74 7 70 55 0 0 0 7 70 56 6 0 73 7 70 56 3 0 37 3 0 43
0 0 0 7 70 56 7 0 74 7 70 56 0 0 0 7 70 56 6 0 73 7 70 56 3 0 37 3 0 43
0 0 0 6 82 51 5 0 64 6 82 51 0 0 0 6 82 51 4 0 69 6 82 51 2 0 36 2 0 38
0 0 0 6 82 44 5 0 64 6 82 44 0 0 0 6 82 44 4 0 69 6 82 44 2 0 36 2 0 38
0 0 0 7 70 53 6 0 71 7 70 53 0 0 0 7 70 53 5 0 72 7 70 53 4 0 48 3 0 39
0 0 0 7 70 52 6 0 71 7 70 52 0 0 0 7 70 52 5 0 72 7 70 52 4 0 48 3 0 39
0 0 0 7 70 48 6 0 71 7 70 48 0 0 0 7 70 48 5 0 72 7 70 48 4 0 48 3 0 39
0 0 0 8 61 49 6 0 71 8 61 49 0 0 0 8 61 49 5 0 72 8 61 49 4 0 48 3 0 40
0 0 0 7 70 46 2 0 34 7 70 46 0 0 0 7 70 46 2 0 25 7 70 46 2 0 32 1 0 12
0 0 0 6 82 39 2 0 33 6 82 39 0 0 0 6 82 39 1 0 23 6 82 39 2 0 31 0 0 12
0 0 0 7 70 49 3 0 45 7 70 49 0 0 0 7 70 48 2 0 30 7 70 48 3 0 44 1 0 22
0 0 0 7 70 35 3 0 45 7 70 35 0 0 0 7 70 35 2 0 30 7 70 35 3 0 44 1 0 22
0 0 0 7 70 22 3 0 45 7 70 22 0 0 0 7 70 21 2 0 30 7 70 21 3 0 44 1 0 22
0 0 0 7 70 33 3 0 45 7 70 33 0 0 0 7 70 33 2 0 30 7 70 33 3 0 44 1 0 22
0 0 0 6 82 49 2 0 33 6 82 49 0 0 0 6 82 48 1 0 22 6 82 48 2 0 31 1 0 20
0 0 0 6 82 71 2 0 33 6 82 71 0 0 0 6 82 71 1 0 22 6 82 71 2 0 31 1 0 20
0 0 0 8 61 75 3 0 45 8 61 75 0 0 0 8 61 76 2 0 29 8 61 76 3 0 44 2 0 27
0 0 0 8 61 75 4 0 46 8 61 75 0 0 0 8 61 75 3 0 30 8 61 75 3 0 44 2 0 27
0 0 0 7 70 76 3 0 45 7 70 76 0 0 0 7 70 77 2 0 29 7 70 77 3 0 44 2 0 27
0 0 0 7 70 80 3 0 45 7 70 80 0 0 0 7 70 80 2 0 29 7 70 80 3 0 44 2 0 27
0 0 0 6 82 92 2 0 33 6 82 92 0 0 0 6 82 93 1 0 22 6 82 93 2 0 31 1 0 20
0 0 0 6 82 85 2 0 33 6 82 85 0 0 0 6 82 86 1 0 22 6 82 86 2 0 31 1 0 20
0 0 0 7 70 70 3 0 45 7 70 70 0 0 0 7 70 71 2 0 29 7 70 71 3 0 44 2 0 27
0 0 0 7 70 58 3 0 45 7 70 58 0 0 0 7 70 59 2 0 29 7 70 59 3 0 44 2 0 27
0 0 0 7 70 57 3 0 45 7 70 57 0 0 0 7 70 58 2 0 29 7 70 58 3 0 44 2 0 27
0 0 0 8 61 65 3 0 45 8 61 65 0 0 0 8 61 65 2 0 29 8 61 65 3 0 44 2 0 27
0 0 0 7 70 64 2 0 34 7 70 64 0 0 0 7 70 64 2 0 23 7 70 64 2 0 32 1 0 20
0 0 0 6 82 58 2 0 33 6 82 58 0 0 0 6 82 57 1 0 22 6 82 57 2 0 31 1 0 20
0 0 0 7 70 50 3 0 45 7 70 50 0 0 0 7 70 50 2 0 30 7 70 50 3 0 44 1 0 22
0 0 0 7 70 42 3 0 45 7 70 42 0 0 0 7 70 42 2 0 30 7 70 42 3 0 44 1 0 22
0 0 0 7 70 50 3 0 45 7 70 50 0 0 0 7 70 49 2 0 30 7 70 49 3 0 44 1 0 22
0 0 0 7 70 52 3 0 45 7 70 52 0 0 0 7 70 52 2 0 30 7 70 52 3 0 44 1 0 22
0 0 0 6 82 48 2 0 33 6 82 48 0 0 0 6 82 48 1 0 23 6 82 48 2 0 31 0 0 12
0 0 0 6 82 47 2 0 33 6 82 47 0 0 0 6 82 47 1 0 23 6 82 47 2 0 31 0 0 12
0 0 0 7 70 59 3 0 45 7 70 59 0 0 0 7 70 59 2 0 32 7 70 59 3 0 44 1 0 16
0 0 0 6 82 58 3 0 45 6 82 58 0 0 0 6 82 57 2 0 32 6 82 57 3 0 44 1 0 16
0 0 0 6 82 54 3 0 45 6 82 54 0 0 0 6 82 54 2 0 32 6 82 54 3 0 44 1 0 16
0 0 0 6 82 54 3 0 45 6 82 54 0 0 0 6 82 53 2 0 32 6 82 53 3 0 44 1 0 16
0 0 0 5 98 54 2 0 33 5 98 54 0 0 0 5 99 54 1 0 23 5 99 54 2 0 31 0 0 12
0 0 0 6 82 67 2 0 34 6 82 67 0 0 0 6 82 67 2 0 24 6 82 67 2 0 32 1 0 12
0 0 0 6 81 66 4 0 46 6 81 66 0 0 0 6 82 66 2 0 30 6 82 66 3 0 44 2 0 23
0 0 0 8 61 58 4 0 47 8 61 58 0 0 0 8 61 58 3 0 32 8 61 58 3 0 44 2 0 23
0 0 0 8 61 51 4 0 47 8 61 51 0 0 0 8 61 51 3 0 32 8 61 51 3 0 44 2 0 23
0 0 0 9 54 53 4 0 47 9 54 53 0 0 0 9 54 53 3 0 32 9 54 53 4 0 44 2 0 23
0 0 0 8 61 53 3 0 35 8 61 53 0 0 0 8 61 53 2 0 24 8 61 53 2 0 32 1 0 20
0 0 0 9 54 53 3 0 36 9 54 53 0 0 0 9 54 53 3 0 25 9 54 53 2 0 32 2 0 20
0 0 0 10 48 45 5 0 60 10 48 45 0 0 0 10 48 45 4 0 40 10 48 45 2 0 32 3 0 28
0 0 0 11 44 34 5 0 60 11 44 34 0 0 0 11 44 34 5 0 41 11 44 34 3 0 32 3 0 29
0 0 0 11 44 30 5 0 60 11 44 30 0 0 0 11 44 30 5 0 41 11 44 30 3 0 32 3 0 29
0 0 0 10 48 38 5 0 60 10 48 38 0 0 0 10 48 39 4 0 41 10 48 39 2 0 32 3 0 28
0 0 0 9 54 52 3 0 51 9 54 52 0 0 0 9 54 52 4 0 36 9 54 52 1 0 9 2 0 21
0 0 0 8 61 53 3 0 50 8 61 53 0 0 0 8 61 54 3 0 35 8 61 54 1 0 9 1 0 21
0 0 0 9 54 52 4 0 59 9 54 52 0 0 0 9 54 53 4 0 40 9 54 53 2 0 32 2 0 28
0 0 0 8 61 52 4 0 59 8 61 52 0 0 0 8 61 52 4 0 40 8 61 52 2 0 32 2 0 28
0 0 0 8 61 58 4 0 59 8 61 58 0 0 0 8 61 58 4 0 40 8 61 58 2 0 32 2 0 28
0 0 0 7 70 67 4 0 58 7 70 67 0 0 0 7 70 67 3 0 39 7 70 67 2 0 32 2 0 28
0 0 0 6 82 71 2 0 32 6 82 71 0 0 0 6 82 72 1 0 21 6 82 72 2 0 32 1 0 20
0 0 0 5 98 59 2 0 31 5 98 59 0 0 0 5 99 60 1 0 19 5 99 60 2 0 31 1 0 19
0 0 0 6 82 56 3 0 44 6 82 56 0 0 0 6 82 57 2 0 27 6 82 57 3 0 44 2 0 27
0 0 0 6 82 45 3 0 44 6 82 45 0 0 0 6 82 46 2 0 27 6 82 46 3 0 44 2 0 27
0 0 0 6 82 51 3 0 44 6 82 51 0 0 0 6 82 51 2 0 27 6 82 51 3 0 44 2 0 27
0 0 0 6 82 52 3 0 44 6 82 52 0 0 0 6 82 53 2 0 27 6 82 53 3 0 44 2 0 27
0 0 0 5 98 46 2 0 31 5 98 46 0 0 0 5 99 46 1 0 19 5 99 46 2 0 31 1 0 19
0 0 0 5 98 37 2 0 31 5 98 37 0 0 0 5 99 37 1 0 19 5 99 37 2 0 31 1 0 19
0 0 0 6 82 56 3 0 44 6 82 56 0 0 0 6 82 56 2 0 29 6 82 56 3 0 44 1 0 22
0 0 0 6 82 54 3 0 44 6 82 54 0 0 0 6 82 54 2 0 29 6 82 54 3 0 44 1 0 22
0 0 0 5 98 47 3 0 44 5 98 47 0 0 0 5 99 47 2 0 29 5 99 47 3 0 44 1 0 22
0 0 0 5 98 43 3 0 44 5 98 43 0 0 0 5 99 43 2 0 29 5 99 43 3 0 44 1 0 22
0 0 0 4 123 35 1 0 31 4 123 35 0 0 0 4 124 34 1 0 22 4 124 34 1 0 31 0 0 11
0 0 0 4 123 53 1 0 31 4 123 53 0 0 0 4 124 52 1 0 22 4 124 52 1 0 31 0 0 11
0 0 0 5 98 87 3 0 44 5 98 87 0 0 0 5 99 86 2 0 30 5 99 86 3 0 44 1 0 15
0 0 0 5 98 76 3 0 44 5 98 76 0 0 0 5 99 76 2 0 30 5 99 76 3 0 44 1 0 15
0 0 0 5 98 68 3 0 44 5 98 68 0 0 0 5 99 67 2 0 30 5 99 67 3 0 44 1 0 15
0 0 0 5 98 73 3 0 44 5 98 73 0 0 0 5 99 73 2 0 30 5 99 73 3 0 44 1 0 15
0 0 0 4 123 82 1 0 31 4 123 82 0 0 0 4 124 82 1 0 22 4 124 82 1 0 31 0 0 11
0 0 0 4 123 104 1 0 31 4 123 104 0 0 0 4 124 104 1 0 22 4 124 104 1 0 31 0 0 11
0 0 0 5 98 101 3 0 44 5 98 101 0 0 0 5 99 101 2 0 29 5 99 101 3 0 44 1 0 22
0 0 0 5 98 87 3 0 44 5 98 87 0 0 0 5 99 87 2 0 29 5 99 87 3 0 44 1 0 22
0 0 0 5 98 83 3 0 44 5 98 83 0 0 0 5 99 83 2 0 29 5 99 83 3 0 44 1 0 22
0 0 0 6 82 86 3 0 44 6 82 86 0 0 0 6 82 86 2 0 29 6 82 86 3 0 44 1 0 22
0 0 0 5 98 87 2 0 32 5 98 87 0 0 0 5 99 87 1 0 20 5 99 87 2 0 32 1 0 20
0 0 0 5 98 73 2 0 32 5 98 73 0 0 0 5 99 73 1 0 20 5 99 73 2 0 32 1 0 20
0 0 0 6 82 59 3 0 44 6 82 59 0 0 0 6 82 59 2 0 27 6 82 59 3 0 44 2 0 27
0 0 0 6 82 40 3 0 44 6 82 40 0 0 0 6 82 40 2 0 27 6 82 40 3 0 44 2 0 27
0 0 0 6 82 37 3 0 44 6 82 37 0 0 0 6 82 37 2 0 27 6 82 37 3 0 44 2 0 27
0 0 0 6 82 52 3 0 44 6 82 52 0 0 0 6 82 52 2 0 27 6 82 52 3 0 44 2 0 27
0 0 0 5 98 47 2 0 32 5 98 47 0 0 0 5 99 48 1 0 20 5 99 48 2 0 32 1 0 20
0 0 0 5 98 35 2 0 32 5 98 35 0 0 0 5 99 35 1 0 20 5 99 35 2 0 32 1 0 20
0 0 0 6 82 55 3 0 44 6 82 55 0 0 0 6 82 55 2 0 27 6 82 55 3 0 44 2 0 27
0 0 0 5 98 43 3 0 44 5 98 43 0 0 0 5 98 43 2 0 27 5 98 43 3 0 44 2 0 27
0 0 0 5 98 50 3 0 44 5 98 50 0 0 0 5 98 50 2 0 27 5 98 50 3 0 44 2 0 27
0 0 0 5 98 51 3 0 44 5 98 51 0 0 0 5 98 52 2 0 27 5 98 52 3 0 44 2 0 27
0 0 0 4 123 30 1 0 31 4 123 30 0 0 0 4 124 30 1 0 19 4 124 30 1 0 31 1 0 19
0 0 0 4 123 5 1 0 31 4 123 5 0 0 0 4 124 5 1 0 19 4 124 5 1 0 31 1 0 19
0 0 0 5 98 59 3 0 44 5 98 59 0 0 0 5 98 59 2 0 27 5 98 59 3 0 44 2 0 27
0 0 0 5 98 56 3 0 44 5 98 56 0 0 0 5 98 56 2 0 27 5 98 56 3 0 44 2 0 27
0 0 0 5 98 48 3 0 44 5 98 48 0 0 0 5 98 48 2 0 27 5 98 48 3 0 44 2 0 27
0 0 0 5 98 45 3 0 44 5 98 45 0 0 0 5 98 45 2 0 27 5 98 45 3 0 44 2 0 27
0 0 0 4 123 38 1 0 31 4 123 38 0 0 0 4 124 38 1 0 19 4 124 38 1 0 31 1 0 19
0 0 0 4 123 55 1 0 31 4 123 55 0 0 0 4 124 55 1 0 19 4 124 55 1 0 31 1 0 19
0 0 0 4 123 84 1 0 31 4 123 84 0 0 0 4 124 84 1 0 19 4 124 84 1 0 31 1 0 19
0 0 0 5 98 80 3 0 44 5 98 80 0 0 0 5 98 80 2 0 27 5 98 80 3 0 44 2 0 27
0 0 0 5 98 71 3 0 44 5 98 71 0 0 0 5 98 71 2 0 27 5 98 71 3 0 44 2 0 27
0 0 0 5 98 76 3 0 44 5 98 76 0 0 0 5 98 76 2 0 27 5 98 76 3 0 44 2 0 27
0 0 0 4 123 86 1 0 31 4 123 86 0 0 0 4 124 86 1 0 19 4 124 86 1 0 31 1 0 19
0 0 0 4 123 107 1 0 31 4 123 107 0 0 0 4 124 107 1 0 19 4 124 107 1 0 31 1 0 19
0 0 0 4 123 102 1 0 31 4 123 102 0 0 0 4 124 102 1 0 19 4 124 102 1 0 31 1 0 19
0 0 0 5 98 88 3 0 44 5 98 88 0 0 0 5 99 88 2 0 29 5 99 88 3 0 44 1 0 22
0 0 0 5 98 82 3 0 44 5 98 82 0 0 0 5 99 82 2 0 29 5 99 82 3 0 44 1 0 22
0 0 0 5 98 87 3 0 44 5 98 87 0 0 0 5 99 87 2 0 29 5 99 87 3 0 44 1 0 22
0 0 0 5 98 102 3 0 44 5 98 102 0 0 0 5 99 103 2 0 29 5 99 103 3 0 44 1 0 22
0 0 0 4 123 91 1 0 31 4 123 91 0 0 0 4 124 92 1 0 22 4 124 92 1 0 31 0 0 11
0 0 0 4 123 70 1 0 31 4 123 70 0 0 0 4 124 71 1 0 22 4 124 71 1 0 31 0 0 11
0 0 0 5 98 64 3 0 44 5 98 64 0 0 0 5 99 65 2 0 30 5 99 65 3 0 44 1 0 15
0 0 0 5 98 61 3 0 44 5 98 61 0 0 0 5 99 61 2 0 30 5 99 61 3 0 44 1 0 15
0 0 0 5 98 73 3 0 44 5 98 73 0 0 0 5 99 73 2 0 30 5 99 73 3 0 44 1 0 15
0 0 0 5 98 79 3 0 44 5 98 79 0 0 0 5 99 79 2 0 30 5 99 79 3 0 44 1 0 15
0 0 0 4 123 41 1 0 31 4 123 41 0 0 0 4 124 41 1 0 22 4 124 41 1 0 31 0 0 11
0 0 0 4 123 28 1 0 31 4 123 28 0 0 0 4 124 28 1 0 22 4 124 28 1 0 31 0 0 11
0 0 0 5 98 45 3 0 44 5 98 45 0 0 0 5 99 45 2 0 30 5 99 45 3 0 44 1 0 15
0 0 0 5 98 50 3 0 44 5 98 50 0 0 0 5 99 50 2 0 30 5 99 50 3 0 44 1 0 15
0 0 0 5 98 50 3 0 44 5 98 50 0 0 0 5 99 50 2 0 30 5 99 50 3 0 44 1 0 15
0 0 0 5 98 55 3 0 44 5 98 55 0 0 0 5 99 55 2 0 30 5 99 55 3 0 44 1 0 15
0 0 0 4 123 12 1 0 31 4 123 12 0 0 0 4 124 11 1 0 22 4 124 11 1 0 31 0 0 11
0 0 0 4 123 41 1 0 31 4 123 41 0 0 0 4 124 41 1 0 22 4 124 41 1 0 31 0 0 11
0 0 0 5 98 63 3 0 44 5 98 63 0 0 0 5 99 62 2 0 29 5 99 62 3 0 44 1 0 22
0 0 0 5 98 54 3 0 44 5 98 54 0 0 0 5 99 54 2 0 29 5 99 54 3 0 44 1 0 22
0 0 0 5 98 49 3 0 44 5 98 49 0 0 0 5 99 48 2 0 29 5 99 48 3 0 44 1 0 22
0 0 0 5 98 62 3 0 44 5 98 62 0 0 0 5 99 61 2 0 29 5 99 61 3 0 44 1 0 22
0 0 0 4 123 61 1 0 31 4 123 61 0 0 0 4 124 61 1 0 19 4 124 61 1 0 31 1 0 19
0 0 0 4 123 89 1 0 31 4 123 89 0 0 0 4 124 88 1 0 19 4 124 88 1 0 31 1 0 19
0 0 0 5 98 83 3 0 44 5 98 83 0 0 0 5 99 82 2 0 29 5 99 82 3 0 44 1 0 22
0 0 0 5 98 73 3 0 44 5 98 73 0 0 0 5 99 73 2 0 29 5 99 73 3 0 44 1 0 22
0 0 0 5 98 76 3 0 44 5 98 76 0 0 0 5 99 76 2 0 29 5 99 76 3 0 44 1 0 22
0 0 0 5 98 90 3 0 44 5 98 90 0 0 0 5 99 90 2 0 29 5 99 90 3 0 44 1 0 22
0 0 0 4 123 107 1 0 31 4 123 107 0 0 0 4 124 107 1 0 22 4 124 107 1 0 31 0 0 11
0 0 0 4 123 102 1 0 31 4 123 102 0 0 0 4 124 102 1 0 22 4 124 102 1 0 31 0 0 11
0 0 0 5 98 88 3 0 44 5 98 88 0 0 0 5 99 88 2 0 30 5 99 88 3 0 44 1 0 15
0 0 0 5 98 82 3 0 44 5 98 82 0 0 0 5 99 82 2 0 30 5 99 82 3 0 44 1 0 15
0 0 0 6 82 84 3 0 45 6 82 84 0 0 0 6 82 84 2 0 31 6 82 84 3 0 44 1 0 16
0 0 0 6 82 85 3 0 45 6 82 85 0 0 0 6 82 85 2 0 31 6 82 85 3 0 44 1 0 16
0 0 0 5 98 69 2 0 32 5 98 69 0 0 0 5 99 70 1 0 22 5 99 70 2 0 32 1 0 12
0 0 0 5 98 46 2 0 32 5 98 46 0 0 0 5 99 46 1 0 22 5 99 46 2 0 32 1 0 12
0 0 0 6 82 35 3 0 45 6 82 35 0 0 0 6 82 36 2 0 31 6 82 36 3 0 44 1 0 16
0 0 0 6 82 29 3 0 45 6 82 29 0 0 0 6 82 29 2 0 31 6 82 29 3 0 44 1 0 16
0 0 0 6 82 45 3 0 45 6 82 45 0 0 0 6 82 45 2 0 31 6 82 45 3 0 44 1 0 16
0 0 0 6 82 53 3 0 45 6 82 53 0 0 0 6 82 54 2 0 31 6 82 54 3 0 44 1 0 16
0 0 0 5 98 30 2 0 32 5 98 30 0 0 0 5 99 30 1 0 22 5 99 30 2 0 32 1 0 12
0 0 0 5 98 42 3 0 45 5 98 42 0 0 0 5 98 42 2 0 29 5 98 42 3 0 44 1 0 22
0 0 0 5 98 40 3 0 44 5 98 40 0 0 0 5 99 40 2 0 29 5 99 40 3 0 44 1 0 22
0 0 0 5 98 47 3 0 44 5 98 47 0 0 0 5 99 47 2 0 29 5 99 47 3 0 44 1 0 22
0 0 0 5 98 47 3 0 44 5 98 47 0 0 0 5 99 47 2 0 29 5 99 47 3 0 44 1 0 22
0 0 0 5 98 52 3 0 44 5 98 52 0 0 0 5 99 52 2 0 29 5 99 52 3 0 44 1 0 22
0 0 0 4 123 6 1 0 31 4 123 6 0 0 0 4 124 6 1 0 19 4 124 6 1 0 31 1 0 19
0 0 0 4 123 40 1 0 31 4 123 40 0 0 0 4 124 40 1 0 19 4 124 40 1 0 31 1 0 19
0 0 0 5 98 59 3 0 44 5 98 59 0 0 0 5 98 59 2 0 27 5 98 59 3 0 44 2 0 27
0 0 0 5 98 51 3 0 44 5 98 51 0 0 0 5 98 51 2 0 27 5 98 51 3 0 44 2 0 27
0 0 0 5 98 47 3 0 44 5 98 47 0 0 0 5 98 47 2 0 27 5 98 47 3 0 44 2 0 27
0 0 0 4 123 42 1 0 31 4 123 42 0 0 0 4 123 42 1 0 20 4 123 42 1 0 31 1 0 20
0 0 0 4 123 58 1 0 31 4 123 58 0 0 0 4 124 58 1 0 19 4 124 58 1 0 31 1 0 19
0 0 0 4 123 86 1 0 31 4 123 86 0 0 0 4 124 86 1 0 19 4 124 86 1 0 31 1 0 19
0 0 0 5 98 86 3 0 44 5 98 86 0 0 0 5 98 86 2 0 27 5 98 86 3 0 44 2 0 27
0 0 0 5 98 77 3 0 44 5 98 77 0 0 0 5 98 77 2 0 27 5 98 77 3 0 44 2 0 27
0 0 0 5 98 80 3 0 44 5 98 80 0 0 0 5 98 80 2 0 27 5 98 80 3 0 44 2 0 27
0 0 0 5 98 95 3 0 44 5 98 95 0 0 0 5 98 95 2 0 27 5 98 95 3 0 44 2 0 27
0 0 0 4 123 111 1 0 31 4 123 111 0 0 0 4 124 111 1 0 19 4 124 111 1 0 31 1 0 19
0 0 0 4 123 105 1 0 31 4 123 105 0 0 0 4 123 106 2 0 27 4 123 106 1 0 31 2 0 27
0 0 0 5 98 90 3 0 44 5 98 90 0 0 0 5 98 91 2 0 27 5 98 91 3 0 44 2 0 27
0 0 0 5 98 84 3 0 44 5 98 84 0 0 0 5 98 84 2 0 27 5 98 84 3 0 44 2 0 27
0 0 0 5 98 88 3 0 44 5 98 88 0 0 0 5 98 89 2 0 27 5 98 89 3 0 44 2 0 27
0 0 0 5 98 103 3 0 44 5 98 103 0 0 0 5 98 103 2 0 27 5 98 103 3 0 44 2 0 27
0 0 0 4 123 92 1 0 31 4 123 92 0 0 0 4 124 93 1 0 19 4 124 93 1 0 31 1 0 19
0 0 0 4 123 72 1 0 31 4 123 72 0 0 0 4 124 72 1 0 19 4 124 72 1 0 31 1 0 19
0 0 0 5 98 65 3 0 44 5 98 65 0 0 0 5 98 66 2 0 27 5 98 66 3 0 44 2 0 27
0 0 0 5 98 62 3 0 44 5 98 62 0 0 0 5 98 63 2 0 27 5 98 63 3 0 44 2 0 27
0 0 0 5 98 74 3 0 44 5 98 74 0 0 0 5 98 74 2 0 27 5 98 74 3 0 44 2 0 27
0 0 0 4 123 71 3 0 44 4 123 71 0 0 0 4 123 72 1 0 20 4 123 72 3 0 44 1 0 20
0 0 0 4 123 42 1 0 31 4 123 42 0 0 0 4 124 43 1 0 19 4 124 43 1 0 31 1 0 19
0 0 0 4 123 30 1 0 31 4 123 30 0 0 0 4 124 30 1 0 19 4 124 30 1 0 31 1 0 19
0 0 0 5 98 44 3 0 44 5 98 44 0 0 0 5 98 44 2 0 27 5 98 44 3 0 44 2 0 27
0 0 0 5 98 50 3 0 44 5 98 50 0 0 0 5 98 50 2 0 27 5 98 50 3 0 44 2 0 27
0 0 0 5 98 50 3 0 44 5 98 50 0 0 0 5 98 50 2 0 27 5 98 50 3 0 44 2 0 27
0 0 0 4 123 30 3 0 44 4 123 30 0 0 0 4 123 30 2 0 27 4 123 30 3 0 44 2 0 27
0 0 0 4 123 8 1 0 31 4 123 8 0 0 0 4 124 8 1 0 19 4 124 8 1 0 31 1 0 19
0 0 0 4 123 40 1 0 31 4 123 40 0 0 0 4 124 40 1 0 19 4 124 40 1 0 31 1 0 19
0 0 0 5 98 58 3 0 44 5 98 58 0 0 0 5 99 58 2 0 29 5 99 58 3 0 44 1 0 22
0 0 0 5 98 50 3 0 44 5 98 50 0 0 0 5 99 50 2 0 29 5 99 50 3 0 44 1 0 22
0 0 0 5 98 45 3 0 44 5 98 45 0 0 0 5 99 45 2 0 29 5 99 45 3 0 44 1 0 22
0 0 0 5 98 60 3 0 44 5 98 60 0 0 0 5 99 60 2 0 29 5 99 60 3 0 44 1 0 22
0 0 0 4 123 57 1 0 31 4 123 57 0 0 0 4 124 56 1 0 22 4 124 56 1 0 31 0 0 11
0 0 0 4 123 85 1 0 31 4 123 85 0 0 0 4 124 85 1 0 22 4 124 85 1 0 31 0 0 11
0 0 0 5 98 84 3 0 44 5 98 84 0 0 0 5 99 84 2 0 29 5 99 84 3 0 44 1 0 22
0 0 0 5 98 75 3 0 44 5 98 75 0 0 0 5 99 75 2 0 29 5 99 75 3 0 44 1 0 22
0 0 0 5 98 79 3 0 44 5 98 79 0 0 0 5 99 79 2 0 29 5 99 79 3 0 44 1 0 22
0 0 0 4 123 90 3 0 44 4 123 90 0 0 0 4 123 90 2 0 29 4 123 90 3 0 44 1 0 22
0 0 0 4 123 110 1 0 31 4 123 110 0 0 0 4 124 110 1 0 19 4 124 110 1 0 31 1 0 19
0 0 0 4 123 105 1 0 31 4 123 105 0 0 0 4 124 105 1 0 19 4 124 105 1 0 31 1 0 19
0 0 0 5 98 90 3 0 44 5 98 90 0 0 0 5 99 90 2 0 29 5 99 90 3 0 44 1 0 22
0 0 0 5 98 82 3 0 44 5 98 82 0 0 0 5 99 82 2 0 29 5 99 82 3 0 44 1 0 22
0 0 0 5 98 86 3 0 44 5 98 86 0 0 0 5 99 86 2 0 29 5 99 86 3 0 44 1 0 22
0 0 0 6 81 86 16 0 182 6 81 86 0 0 0 6 81 87 13 0 164 6 81 87 6 0 57 4 0 36
0 0 0 5 97 70 15 0 179 5 97 70 0 0 0 5 98 71 12 0 162 5 98 71 5 0 48 3 0 31
0 0 0 6 81 56 16 0 182 6 81 56 0 0 0 6 81 57 13 0 164 6 81 57 6 0 57 4 0 36
0 0 0 6 81 35 16 0 182 6 81 35 0 0 0 6 81 36 13 0 164 6 81 36 6 0 57 4 0 36
0 0 0 6 81 32 16 0 182 6 81 32 0 0 0 6 81 32 13 0 164 6 81 32 6 0 57 4 0 36
0 0 0 6 81 49 16 0 182 6 81 49 0 0 0 6 81 49 13 0 164 6 81 49 6 0 57 4 0 36
0 0 0 6 81 57 16 0 182 6 81 57 0 0 0 6 81 57 13 0 164 6 81 57 6 0 57 4 0 36
0 0 0 5 97 37 15 0 179 5 97 37 0 0 0 5 98 37 12 0 162 5 98 37 5 0 48 3 0 34
0 0 0 5 97 45 15 0 179 5 97 45 0 0 0 5 98 45 12 0 162 5 98 45 5 0 48 3 0 34
0 0 0 5 97 48 16 0 182 5 97 48 0 0 0 5 97 48 13 0 163 5 97 48 6 0 57 4 0 39
0 0 0 5 98 52 3 0 44 5 98 52 0 0 0 5 98 52 2 0 27 5 98 52 3 0 44 2 0 27
0 0 0 5 98 53 3 0 44 5 98 53 0 0 0 5 98 53 2 0 27 5 98 53 3 0 44 2 0 27
0 0 0 4 123 32 1 0 31 4 123 32 0 0 0 4 124 32 1 0 19 4 124 32 1 0 31 1 0 19
0 0 0 4 123 11 1 0 31 4 123 11 0 0 0 4 124 11 1 0 19 4 124 11 1 0 31 1 0 19
0 0 0 4 123 41 1 0 31 4 123 41 0 0 0 4 124 41 1 0 19 4 124 41 1 0 31 1 0 19
0 0 0 5 98 62 3 0 44 5 98 62 0 0 0 5 98 61 2 0 27 5 98 61 3 0 44 2 0 27
0 0 0 5 98 53 3 0 44 5 98 53 0 0 0 5 98 53 2 0 27 5 98 53 3 0 44 2 0 27
0 0 0 5 98 47 3 0 44 5 98 47 0 0 0 5 98 47 2 0 27 5 98 47 3 0 44 2 0 27
0 0 0 5 98 61 3 0 44 5 98 61 0 0 0 5 98 61 2 0 27 5 98 61 3 0 44 2 0 27
0 0 0 4 123 60 1 0 31 4 123 60 0 0 0 4 124 60 1 0 19 4 124 60 1 0 31 1 0 19
0 0 0 4 123 87 1 0 31 4 123 87 0 0 0 4 124 87 1 0 19 4 124 87 1 0 31 1 0 19
0 0 0 4 123 85 3 0 47 4 123 85 0 0 0 4 123 85 2 0 27 4 123 85 2 0 36 2 0 27
0 0 0 4 123 73 3 0 47 4 123 73 0 0 0 4 123 73 2 0 27 4 123 73 2 0 36 2 0 27
0 0 0 4 123 77 3 0 47 4 123 77 0 0 0 4 123 77 2 0 27 4 123 77 2 0 36 2 0 27
0 0 0 4 123 95 3 0 47 4 123 95 0 0 0 4 123 95 2 0 27 4 123 95 2 0 36 2 0 27
0 0 0 3 165 105 1 0 35 3 165 105 0 0 0 3 165 104 1 0 20 3 165 104 1 0 18 1 0 19
0 0 0 3 165 95 1 0 35 3 165 95 0 0 0 3 165 96 1 0 20 3 165 96 1 0 18 1 0 19
0 0 0 4 123 89 3 0 47 4 123 89 0 0 0 4 123 89 2 0 27 4 123 89 2 0 36 2 0 27
0 0 0 4 123 74 3 0 47 4 123 74 0 0 0 4 123 75 2 0 27 4 123 75 2 0 36 2 0 27
0 0 0 4 123 75 3 0 47 4 123 75 0 0 0 4 123 76 2 0 27 4 123 76 2 0 36 2 0 27
0 0 0 4 123 91 3 0 47 4 123 91 0 0 0 4 123 92 2 0 27 4 123 92 2 0 36 2 0 27
0 0 0 4 123 80 1 0 31 4 123 80 0 0 0 4 124 81 1 0 19 4 124 81 1 0 31 1 0 19
0 0 0 4 123 55 1 0 31 4 123 55 0 0 0 4 124 56 1 0 19 4 124 56 1 0 31 1 0 19
0 0 0 5 98 55 3 0 44 5 98 55 0 0 0 5 98 56 2 0 27 5 98 56 3 0 44 2 0 27
0 0 0 5 98 47 3 0 44 5 98 47 0 0 0 5 98 48 2 0 27 5 98 48 3 0 44 2 0 27
0 0 0 5 98 58 3 0 44 5 98 58 0 0 0 5 98 58 2 0 27 5 98 58 3 0 44 2 0 27
0 0 0 5 98 63 3 0 44 5 98 63 0 0 0 5 98 63 2 0 27 5 98 63 3 0 44 2 0 27
0 0 0 4 123 33 1 0 31 4 123 33 0 0 0 4 124 33 1 0 19 4 124 33 1 0 31 1 0 19
0 0 0 4 123 14 1 0 31 4 123 14 0 0 0 4 124 14 1 0 19 4 124 14 1 0 31 1 0 19
0 0 0 5 98 48 3 0 44 5 98 48 0 0 0 5 98 48 2 0 27 5 98 48 3 0 44 2 0 27
0 0 0 5 98 49 3 0 44 5 98 49 0 0 0 5 98 49 2 0 27 5 98 49 3 0 44 2 0 27
0 0 0 5 98 45 3 0 44 5 98 45 0 0 0 5 98 45 2 0 27 5 98 45 3 0 44 2 0 27
0 0 0 5 98 47 3 0 44 5 98 47 0 0 0 5 98 47 2 0 27 5 98 47 3 0 44 2 0 27
0 0 0 4 123 22 1 0 31 4 123 22 0 0 0 4 124 22 1 0 19 4 124 22 1 0 31 1 0 19
0 0 0 4 123 46 1 0 31 4 123 46 0 0 0 4 124 45 1 0 19 4 124 45 1 0 31 1 0 19
0 0 0 5 98 76 3 0 44 5 98 76 0 0 0 5 98 76 2 0 27 5 98 76 3 0 44 2 0 27
0 0 0 5 98 66 3 0 44 5 98 66 0 0 0 5 98 66 2 0 27 5 98 66 3 0 44 2 0 27
0 0 0 5 98 59 3 0 44 5 98 59 0 0 0 5 98 59 2 0 27 5 98 59 3 0 44 2 0 27
0 0 0 5 98 68 3 0 44 5 98 68 0 0 0 5 98 68 2 0 27 5 98 68 3 0 44 2 0 27
0 0 0 4 123 74 1 0 31 4 123 74 0 0 0 4 124 74 1 0 19 4 124 74 1 0 31 1 0 19
0 0 0 4 123 98 1 0 31 4 123 98 0 0 0 4 124 97 1 0 19 4 124 97 1 0 31 1 0 19
0 0 0 4 123 93 1 0 31 4 123 93 0 0 0 4 124 94 1 0 19 4 124 94 1 0 31 1 0 19
0 0 0 5 98 82 3 0 44 5 98 82 0 0 0 5 99 83 2 0 29 5 99 83 3 0 44 1 0 22
0 0 0 5 98 78 3 0 44 5 98 78 0 0 0 5 99 79 2 0 29 5 99 79 3 0 44 1 0 22
0 0 0 5 98 86 3 0 44 5 98 86 0 0 0 5 99 87 2 0 29 5 99 87 3 0 44 1 0 22
0 0 0 4 123 100 1 0 31 4 123 100 0 0 0 4 124 100 1 0 22 4 124 100 1 0 31 0 0 11
0 0 0 4 123 92 1 0 31 4 123 92 0 0 0 4 124 92 1 0 22 4 124 92 1 0 31 0 0 11
0 0 0 4 123 71 1 0 31 4 123 71 0 0 0 4 124 71 1 0 22 4 124 71 1 0 31 0 0 11
0 0 0 5 98 65 3 0 44 5 98 65 0 0 0 5 99 66 2 0 30 5 99 66 3 0 44 1 0 15
0 0 0 5 98 61 3 0 44 5 98 61 0 0 0 5 99 62 2 0 30 5 99 62 3 0 44 1 0 15
0 0 0 5 98 73 3 0 44 5 98 73 0 0 0 5 99 73 2 0 30 5 99 73 3 0 44 1 0 15
0 0 0 5 98 79 3 0 44 5 98 79 0 0 0 5 99 79 2 0 30 5 99 79 3 0 44 1 0 15
0 0 0 4 123 39 1 0 31 4 123 39 0 0 0 4 124 40 1 0 22 4 124 40 1 0 31 0 0 11
0 0 0 4 123 26 1 0 31 4 123 26 0 0 0 4 124 26 1 0 22 4 124 26 1 0 31 0 0 11
0 0 0 5 98 50 3 0 44 5 98 50 0 0 0 5 99 50 2 0 29 5 99 50 3 0 44 1 0 22
0 0 0 5 98 52 3 0 44 5 98 52 0 0 0 5 99 52 2 0 29 5 99 52 3 0 44 1 0 22
0 0 0 5 98 51 3 0 44 5 98 51 0 0 0 5 99 51 2 0 29 5 99 51 3 0 44 1 0 22
0 0 0 5 98 55 3 0 44 5 98 55 0 0 0 5 99 55 2 0 29 5 99 55 3 0 44 1 0 22
0 0 0 4 123 20 1 0 31 4 123 20 0 0 0 4 124 20 1 0 19 4 124 20 1 0 31 1 0 19
0 0 0 4 123 45 1 0 31 4 123 45 0 0 0 4 124 44 1 0 19 4 124 44 1 0 31 1 0 19
0 0 0 5 98 73 3 0 44 5 98 73 0 0 0 5 98 73 2 0 27 5 98 73 3 0 44 2 0 27
0 0 0 5 98 63 3 0 44 5 98 63 0 0 0 5 98 63 2 0 27 5 98 63 3 0 44 2 0 27
0 0 0 5 98 57 3 0 44 5 98 57 0 0 0 5 98 57 2 0 27 5 98 57 3 0 44 2 0 27
0 0 0 5 98 66 3 0 44 5 98 66 0 0 0 5 98 66 2 0 27 5 98 66 3 0 44 2 0 27
0 0 0 4 123 71 1 0 31 4 123 71 0 0 0 4 124 71 1 0 19 4 124 71 1 0 31 1 0 19
0 0 0 5 98 90 5 0 77 5 98 90 0 0 0 5 98 91 9 0 193 5 98 91 2 0 32 2 0 33
0 0 0 6 82 80 6 0 83 6 82 80 0 0 0 6 82 80 10 0 194 6 82 80 3 0 45 3 0 38
0 0 0 6 82 68 6 0 83 6 82 68 0 0 0 6 82 68 10 0 194 6 82 68 3 0 45 3 0 38
0 0 0 6 82 66 6 0 83 6 82 66 0 0 0 6 82 67 10 0 194 6 82 67 3 0 45 3 0 38
0 0 0 6 82 77 6 0 83 6 82 77 0 0 0 6 82 77 10 0 194 6 82 77 3 0 45 3 0 38
0 0 0 5 98 94 5 0 77 5 98 94 0 0 0 5 98 94 9 0 193 5 98 94 2 0 32 2 0 33
0 0 0 5 98 90 5 0 77 5 98 90 0 0 0 5 98 90 9 0 193 5 98 90 2 0 32 2 0 33
0 0 0 5 98 78 5 0 77 5 98 78 0 0 0 5 98 78 9 0 193 5 98 78 2 0 32 2 0 33
0 0 0 6 82 71 6 0 83 6 82 71 0 0 0 6 82 71 10 0 194 6 82 71 3 0 45 3 0 35
0 0 0 7 70 71 6 0 83 7 70 71 0 0 0 7 70 71 11 0 194 7 70 71 3 0 45 3 0 35
0 0 0 6 82 72 3 0 44 6 82 72 0 0 0 6 82 72 2 0 29 6 82 72 3 0 44 1 0 22
0 0 0 5 98 62 2 0 31 5 98 62 0 0 0 5 99 62 1 0 22 5 99 62 2 0 31 0 0 11
0 0 0 5 98 34 2 0 31 5 98 34 0 0 0 5 99 34 1 0 22 5 99 34 2 0 31 0 0 11
0 0 0 6 82 33 2 0 32 6 82 33 0 0 0 6 82 33 1 0 25 6 82 33 2 0 31 1 0 12
0 0 0 7 70 27 3 0 44 7 70 27 0 0 0 7 70 27 2 0 31 7 70 27 3 0 44 1 0 22
0 0 0 7 70 32 3 0 44 7 70 32 0 0 0 7 70 32 2 0 31 7 70 32 3 0 44 1 0 22
0 0 0 7 70 32 3 0 44 7 70 32 0 0 0 7 70 32 2 0 31 7 70 32 3 0 44 1 0 22
0 0 0 7 70 38 3 0 44 7 70 38 0 0 0 7 70 38 2 0 31 7 70 38 3 0 44 1 0 22
0 0 0 6 82 39 2 0 32 6 82 39 0 0 0 6 82 39 1 0 23 6 82 39 2 0 31 1 0 20
0 0 0 5 98 51 2 0 32 5 98 51 0 0 0 5 99 51 1 0 23 5 99 51 2 0 31 1 0 20
0 0 0 6 82 63 3 0 44 6 82 63 0 0 0 6 82 63 2 0 30 6 82 63 3 0 44 2 0 27
0 0 0 6 82 58 3 0 44 6 82 58 0 0 0 6 82 58 2 0 30 6 82 58 3 0 44 2 0 27
0 0 0 6 82 57 3 0 44 6 82 57 0 0 0 6 82 57 2 0 30 6 82 57 3 0 44 2 0 27
0 0 0 5 98 64 3 0 44 5 98 64 0 0 0 5 98 64 2 0 27 5 98 64 3 0 44 2 0 27
0 0 0 4 123 65 1 0 31 4 123 65 0 0 0 4 124 64 1 0 19 4 124 64 1 0 31 1 0 19
0 0 0 4 123 91 1 0 31 4 123 91 0 0 0 4 124 91 1 0 19 4 124 91 1 0 31 1 0 19
0 0 0 5 98 92 3 0 44 5 98 92 0 0 0 5 98 93 2 0 27 5 98 93 3 0 44 2 0 27
0 0 0 5 98 81 3 0 44 5 98 81 0 0 0 5 98 82 2 0 27 5 98 82 3 0 44 2 0 27
0 0 0 5 98 82 3 0 44 5 98 82 0 0 0 5 98 82 2 0 27 5 98 82 3 0 44 2 0 27
0 0 0 5 98 94 3 0 44 5 98 94 0 0 0 5 98 94 2 0 27 5 98 94 3 0 44 2 0 27
0 0 0 4 123 110 1 0 31 4 123 110 0 0 0 4 124 110 1 0 19 4 124 110 1 0 31 1 0 19
0 0 0 4 123 103 1 0 31 4 123 103 0 0 0 4 124 103 1 0 19 4 124 103 1 0 31 1 0 19
0 0 0 5 98 89 3 0 44 5 98 89 0 0 0 5 98 89 2 0 27 5 98 89 3 0 44 2 0 27
0 0 0 5 98 76 3 0 44 5 98 76 0 0 0 5 98 76 2 0 27 5 98 76 3 0 44 2 0 27
0 0 0 5 98 75 3 0 44 5 98 75 0 0 0 5 98 75 2 0 27 5 98 75 3 0 44 2 0 27
0 0 0 5 98 86 3 0 44 5 98 86 0 0 0 5 98 86 2 0 27 5 98 86 3 0 44 2 0 27
0 0 0 4 123 75 1 0 31 4 123 75 0 0 0 4 124 76 1 0 19 4 124 76 1 0 31 1 0 19
0 0 0 4 123 47 1 0 31 4 123 47 0 0 0 4 124 48 1 0 19 4 124 48 1 0 31 1 0 19
0 0 0 5 98 54 3 0 44 5 98 54 0 0 0 5 98 55 2 0 27 5 98 55 3 0 44 2 0 27
0 0 0 5 98 43 3 0 44 5 98 43 0 0 0 5 98 43 2 0 27 5 98 43 3 0 44 2 0 27
0 0 0 5 98 52 3 0 44 5 98 52 0 0 0 5 98 52 2 0 27 5 98 52 3 0 44 2 0 27
0 0 0 5 98 55 6 0 66 5 98 55 0 0 0 5 98 56 12 0 238 5 98 56 4 0 46 5 0 65
0 0 0 5 98 51 6 0 71 5 98 51 0 0 1 5 98 51 143 0 2941 5 98 51 2 0 34 8 0 110
0 0 0 5 98 36 6 0 71 5 98 36 0 0 1 5 98 36 143 0 2941 5 98 36 2 0 34 8 0 110
0 0 0 5 98 44 6 0 71 5 98 44 0 0 1 5 98 43 144 0 2941 5 98 43 2 0 34 8 0 112
0 0 0 6 81 51 8 0 79 6 81 51 0 0 1 6 81 51 145 0 2941 6 81 51 3 0 38 9 0 112
0 0 0 6 81 45 8 0 79 6 81 45 0 0 1 6 81 45 145 0 2941 6 81 45 3 0 38 9 0 112
0 0 0 6 81 44 8 0 79 6 81 44 0 0 1 6 81 44 145 0 2941 6 81 44 3 0 38 9 0 112
0 0 0 5 98 44 7 0 73 5 98 44 0 0 1 5 98 44 144 0 2941 5 98 44 2 0 22 8 0 111
0 0 0 5 98 56 7 0 73 5 98 56 0 0 1 5 98 56 144 0 2941 5 98 56 2 0 22 8 0 111
0 0 0 7 70 69 8 0 80 7 70 69 0 0 1 6 81 68 145 0 2941 6 81 68 3 0 28 9 0 112
2 0 10 7 65 72 73901 0 323663 7 65 72 23 0 104 7 65 72 1454 0 6299 7 65 72 1860 0 8090 14 0 108
5 0 13 7 58 66 223246 0 547504 7 58 66 68 0 171 7 58 66 3741 0 9169 7 58 66 6448 0 15731 15 0 61
7 0 14 9 41 59 315952 0 633032 9 41 59 95 0 194 9 41 59 5196 0 10359 9 41 59 9632 0 19066 21 0 71
7 0 14 8 46 62 315952 0 633032 8 46 62 95 0 194 8 46 62 5196 0 10360 8 46 62 9632 0 19066 20 0 69
7 0 14 8 46 67 315950 0 633033 8 46 67 95 0 194 8 46 66 5195 0 10360 8 46 66 9631 0 19066 20 0 68
7 0 14 8 46 60 315950 0 633033 8 46 60 95 0 194 8 46 60 5195 0 10360 8 46 60 9631 0 19066 20 0 68
7 0 14 9 41 49 315952 0 633032 9 41 49 95 0 194 9 41 48 5195 0 10360 9 41 48 9631 0 19066 20 0 68
7 0 14 9 41 41 315952 0 633032 9 41 41 95 0 194 9 41 41 5195 0 10360 9 41 41 9631 0 19066 20 0 68
7 0 14 9 41 46 315952 0 633032 9 41 46 95 0 194 9 41 46 5195 0 10360 9 41 46 9631 0 19066 20 0 68
7 0 14 9 41 47 315950 0 633033 9 41 47 95 0 194 9 41 46 5194 0 10360 9 41 46 9631 0 19066 19 0 66
5 0 11 7 58 44 242055 0 575974 7 58 44 72 0 173 7 58 43 3875 0 9280 7 58 43 7772 0 18082 11 0 42
1 0 7 9 50 43 92708 0 377308 9 50 43 27 0 109 9 50 43 1457 0 5842 9 50 43 3184 0 12533 6 0 40
0 0 0 9 54 37 4 0 53 9 54 37 0 0 0 9 54 38 2 0 26 9 54 38 1 0 16 1 0 20
0 0 0 9 54 29 4 0 53 9 54 29 0 0 0 9 54 29 2 0 26 9 54 29 1 0 16 1 0 20
0 0 0 9 54 37 4 0 53 9 54 37 0 0 0 9 54 37 2 0 26 9 54 37 1 0 16 1 0 20
0 0 0 9 54 39 4 0 53 9 54 39 0 0 0 9 54 39 2 0 26 9 54 39 1 0 16 1 0 20
0 0 0 8 61 39 3 0 40 8 61 39 0 0 0 8 61 40 2 0 25 8 61 40 1 0 11 1 0 20
0 0 0 8 61 44 3 0 40 8 61 44 0 0 0 8 61 44 2 0 25 8 61 44 1 0 11 1 0 20
0 0 0 10 49 45 4 0 50 10 49 45 0 0 0 10 48 45 3 0 32 10 48 45 2 0 33 2 0 28
0 0 0 8 61 45 4 0 50 8 61 45 0 0 0 8 61 45 3 0 31 8 61 45 2 0 33 2 0 27
0 0 0 9 54 47 4 0 51 9 54 47 0 0 0 9 54 47 3 0 33 9 54 47 2 0 33 2 0 28
0 0 0 7 70 43 4 0 51 7 70 43 0 0 0 7 70 43 3 0 32 7 70 43 2 0 33 2 0 27
0 0 0 6 82 41 2 0 33 6 82 41 0 0 0 6 82 41 1 0 22 6 82 41 1 0 31 1 0 20
0 0 0 6 82 47 2 0 33 6 82 47 0 0 0 6 82 47 1 0 22 6 82 47 1 0 31 1 0 20
0 0 0 7 70 62 3 0 45 7 70 62 0 0 0 7 70 62 2 0 29 7 70 62 3 0 44 2 0 27
0 0 0 7 70 55 3 0 45 7 70 55 0 0 0 7 70 55 2 0 29 7 70 55 3 0 44 2 0 27
0 0 0 7 70 53 3 0 45 7 70 53 0 0 0 7 70 53 2 0 29 7 70 53 3 0 44 2 0 27
0 0 0 8 61 54 3 0 45 8 61 54 0 0 0 8 61 55 2 0 29 8 61 55 3 0 44 2 0 27
0 0 3 7 68 56 1173 0 10343 7 68 56 0 0 4 7 68 56 83 0 944 7 68 56 60 0 444 7 0 78
3 0 11 8 53 58 40473 0 144446 8 53 58 16 0 64 9 48 58 955 0 3526 9 48 58 1161 0 4076 14 0 81
6 0 15 8 48 61 101078 0 260773 8 48 61 36 0 92 9 42 59 2026 0 4989 9 42 59 3131 0 7899 19 0 83
9 0 16 8 41 48 193251 0 380674 8 41 48 67 0 131 9 37 47 3642 0 6992 9 37 47 6774 0 13129 24 0 83
