13 0 62 18 6 5 386500 0 1962664 18 6 5 142 0 719 21 5 4 9173 0 41836 21 5 4 1317 0 6529 45 0 185
13 0 62 19 6 5 386501 0 1962664 19 6 5 142 0 719 22 5 4 9171 0 41836 22 5 4 1317 0 6529 42 0 182
13 0 62 21 5 4 386504 0 1962663 21 5 4 142 0 719 20 5 4 9157 0 41839 20 5 4 1318 0 6529 41 0 182
6 0 43 21 5 4 140680 0 1056761 21 5 4 51 0 375 22 5 4 2936 0 21108 22 5 4 525 0 3540 22 0 72
9 0 52 20 6 4 211048 0 1223054 20 6 4 77 0 434 21 5 4 4487 0 24826 21 5 4 833 0 4368 26 0 77
9 0 52 19 6 5 211040 0 1223056 19 6 5 77 0 434 19 6 5 4455 0 24829 19 6 5 831 0 4369 19 0 58
9 0 52 20 6 5 211041 0 1223055 20 6 5 77 0 434 20 6 5 4456 0 24829 20 6 5 832 0 4369 20 0 64
9 0 52 21 5 5 211042 0 1223055 21 5 5 77 0 434 21 5 5 4457 0 24829 21 5 5 832 0 4369 21 0 64
3 0 30 22 5 5 70417 0 631592 22 5 5 26 0 224 22 5 5 1588 0 13408 22 5 5 326 0 2620 19 0 63
0 0 1 22 5 4 48 0 174 22 5 4 0 0 1 22 5 4 38 0 126 22 5 4 22 0 99 16 0 58
0 0 1 24 5 5 47 0 155 24 5 5 0 0 1 24 5 5 40 0 123 24 5 5 27 0 113 20 0 67
0 0 1 22 5 4 43 0 155 22 5 4 0 0 1 22 5 4 37 0 122 22 5 4 25 0 113 18 0 61
0 0 1 19 6 5 42 0 154 19 6 5 0 0 1 20 6 5 38 0 126 20 6 5 25 0 113 20 0 69
0 0 1 20 6 5 43 0 155 20 6 5 0 0 1 21 6 5 37 0 123 21 6 5 25 0 113 18 0 61
0 0 1 18 7 5 42 0 155 18 7 5 0 0 1 19 6 5 35 0 122 19 6 5 24 0 113 17 0 61
0 0 1 17 7 5 44 0 174 17 7 5 0 0 1 18 7 5 37 0 142 18 7 5 19 0 99 14 0 51
0 0 1 17 7 6 44 0 174 17 7 6 0 0 1 18 7 5 37 0 142 18 7 5 19 0 99 14 0 51
0 0 1 16 8 6 41 0 173 16 8 6 0 0 1 16 8 6 31 0 137 16 8 6 19 0 98 10 0 38
0 0 1 14 9 6 34 0 152 14 9 6 0 0 0 14 9 6 25 0 115 14 9 6 22 0 113 10 0 41
0 0 1 13 10 6 33 0 151 13 10 6 0 0 0 13 10 6 24 0 114 13 10 6 22 0 113 10 0 41
22 0 90 11 11 5 562244 0 2309845 11 11 5 188 0 774 11 11 5 10253 0 41578 11 11 5 1497 0 5926 15 0 50
22 0 90 10 13 6 562244 0 2309845 10 13 6 188 0 774 10 13 6 10251 0 41579 10 13 6 1494 0 5926 14 0 46
22 0 90 11 11 8 562246 0 2309844 11 11 8 188 0 774 11 11 8 10252 0 41578 11 11 8 1493 0 5927 15 0 47
22 0 90 12 10 7 562248 0 2309844 12 10 7 188 0 774 12 10 7 10254 0 41578 12 10 7 1493 0 5927 15 0 47
22 0 90 12 10 6 562248 0 2309844 12 10 6 188 0 774 12 10 6 10254 0 41578 12 10 6 1493 0 5927 15 0 47
0 0 0 14 9 5 34 0 135 14 9 5 0 0 0 14 9 5 21 0 82 14 9 5 21 0 104 12 0 50
0 0 0 15 9 6 35 0 133 15 9 6 0 0 0 15 8 6 25 0 91 15 8 6 25 0 116 14 0 53
0 0 0 14 9 6 33 0 130 14 9 6 0 0 0 14 9 6 23 0 90 14 9 6 27 0 125 13 0 53
0 0 0 14 9 6 32 0 129 14 9 6 0 0 0 14 9 6 23 0 89 14 9 6 27 0 125 13 0 53
0 0 0 14 9 6 34 0 130 14 9 6 0 0 0 14 9 6 24 0 90 14 9 6 27 0 125 14 0 53
0 0 0 14 9 6 34 0 130 14 9 6 0 0 0 14 9 6 24 0 91 14 9 6 27 0 125 12 0 45
8 0 49 14 9 6 257093 0 1594738 14 9 6 74 0 458 14 9 6 4063 0 24666 14 9 6 884 0 5366 18 0 77
10 0 52 14 9 6 316155 0 1741430 14 9 6 92 0 505 14 9 6 5036 0 27205 14 9 6 1138 0 6171 20 0 81
10 0 52 15 8 6 316157 0 1741430 15 8 6 92 0 505 15 8 6 5038 0 27204 15 8 6 1139 0 6171 21 0 81
22 0 88 17 6 5 492183 0 2032234 17 6 5 158 0 639 17 6 5 8697 0 34315 17 6 5 1566 0 6602 26 0 89
22 0 88 16 7 5 492184 0 2032233 16 7 5 158 0 639 16 7 5 8697 0 34315 16 7 5 1566 0 6602 26 0 89
14 0 74 16 7 5 235125 0 1306770 16 7 5 83 0 459 16 7 5 4660 0 24627 16 7 5 705 0 3997 20 0 63
12 0 72 16 7 4 176065 0 1099403 16 7 4 66 0 406 16 7 4 3688 0 21773 16 7 4 452 0 2543 19 0 57
12 0 72 14 9 4 176063 0 1099403 14 9 4 65 0 406 14 9 4 3686 0 21774 14 9 4 450 0 2543 18 0 56
0 0 1 14 9 5 39 0 148 14 9 5 0 0 1 14 9 5 29 0 109 14 9 5 20 0 100 11 0 39
0 0 1 12 11 6 38 0 148 12 11 6 0 0 1 12 11 6 29 0 110 12 11 6 20 0 100 11 0 39
0 0 1 13 10 5 38 0 141 13 10 5 0 0 1 13 10 5 28 0 103 13 10 5 23 0 113 11 0 42
0 0 1 14 9 5 43 0 170 14 9 5 0 0 1 14 9 5 34 0 140 14 9 5 19 0 99 10 0 38
0 0 2 15 8 6 139 0 1147 15 8 6 0 0 3 16 8 6 509 0 5758 16 8 6 24 0 107 24 0 168
15 0 64 15 8 4 526875 0 2316067 15 8 4 197 0 863 16 7 4 11137 0 46303 16 7 4 2030 0 8739 30 0 174
15 0 64 16 7 5 526874 0 2316068 16 7 5 197 0 863 17 7 5 11133 0 46304 17 7 5 2027 0 8740 28 0 173
15 0 64 16 7 5 526876 0 2316067 16 7 5 197 0 863 17 7 5 11136 0 46303 17 7 5 2024 0 8740 28 0 172
15 0 64 17 7 6 526880 0 2316066 17 7 6 197 0 863 18 6 6 11140 0 46302 18 6 6 2029 0 8739 32 0 176
15 0 64 15 8 5 526783 0 2316088 15 8 5 197 0 863 15 8 5 10664 0 46053 15 8 5 2025 0 8740 17 0 66
0 0 1 17 7 4 45 0 183 17 7 4 0 0 0 17 7 4 34 0 158 17 7 4 22 0 102 15 0 57
0 0 1 18 7 6 47 0 182 18 7 6 0 0 0 18 7 6 38 0 163 18 7 6 23 0 104 16 0 58
0 0 0 16 8 6 43 0 174 16 8 6 0 0 0 16 8 6 34 0 156 16 8 6 26 0 117 16 0 60
0 0 0 16 8 6 33 0 131 16 8 6 0 0 0 17 7 6 24 0 91 17 7 6 25 0 116 14 0 52
0 0 0 16 8 6 35 0 134 16 8 6 0 0 0 17 7 6 26 0 94 17 7 6 23 0 106 13 0 50
0 0 0 15 8 5 36 0 134 15 8 5 0 0 0 16 8 6 26 0 96 16 8 6 23 0 106 12 0 42
0 0 1 17 7 4 40 0 149 17 7 4 0 0 1 18 7 5 32 0 119 18 7 5 23 0 103 13 0 41
0 0 1 17 7 5 40 0 149 17 7 5 0 0 1 18 7 5 32 0 119 18 7 5 23 0 103 13 0 41
0 0 1 17 7 5 39 0 149 17 7 5 0 0 1 17 7 5 31 0 118 17 7 5 22 0 103 13 0 41
0 0 1 17 7 5 37 0 146 17 7 5 0 0 1 17 7 5 29 0 116 17 7 5 24 0 113 13 0 43
0 0 0 16 8 6 34 0 145 16 8 6 0 0 0 16 8 6 26 0 115 16 8 6 23 0 113 12 0 43
0 0 0 13 10 7 29 0 127 13 10 7 0 0 0 13 10 7 19 0 87 13 10 7 26 0 125 11 0 45
0 0 0 14 9 6 29 0 127 14 9 6 0 0 0 14 9 6 19 0 87 14 9 6 26 0 125 11 0 45
0 0 0 13 10 7 29 0 127 13 10 7 0 0 0 13 10 7 19 0 87 13 10 7 26 0 125 11 0 45
0 0 0 13 10 6 29 0 127 13 10 6 0 0 0 13 10 6 19 0 87 13 10 6 26 0 125 11 0 45
0 0 0 12 11 5 29 0 127 12 11 5 0 0 0 12 11 5 19 0 87 12 11 5 26 0 125 11 0 45
0 0 0 12 11 6 29 0 127 12 11 6 0 0 0 12 11 6 19 0 87 12 11 6 26 0 125 11 0 45
0 0 0 11 12 6 28 0 127 11 12 6 0 0 0 11 12 6 19 0 87 11 12 6 25 0 125 11 0 45
0 0 0 11 12 7 28 0 127 11 12 7 0 0 0 11 12 7 19 0 87 11 12 7 25 0 125 11 0 45
0 0 0 11 12 7 28 0 127 11 12 7 0 0 0 11 12 7 19 0 87 11 12 7 25 0 125 11 0 45
0 0 0 11 12 6 28 0 127 11 12 6 0 0 0 11 12 6 19 0 87 11 12 6 25 0 125 11 0 45
0 0 0 11 12 6 28 0 127 11 12 6 0 0 0 11 12 6 19 0 87 11 12 6 25 0 125 11 0 45
0 0 0 12 11 6 30 0 128 12 11 6 0 0 0 12 11 6 20 0 87 12 11 6 26 0 125 11 0 45
0 0 0 12 11 7 30 0 128 12 11 7 0 0 0 12 11 7 20 0 87 12 11 7 26 0 125 11 0 45
0 0 0 12 11 6 30 0 128 12 11 6 0 0 0 12 11 6 20 0 87 12 11 6 26 0 125 11 0 45
0 0 0 12 11 5 30 0 128 12 11 5 0 0 0 12 11 5 20 0 87 12 11 5 26 0 125 11 0 45
0 0 0 12 11 6 30 0 128 12 11 6 0 0 0 12 11 6 20 0 87 12 11 6 26 0 125 11 0 45
0 0 0 11 12 7 28 0 127 11 12 7 0 0 0 11 12 7 19 0 85 11 12 7 25 0 125 12 0 53
0 0 0 11 12 7 28 0 127 11 12 7 0 0 0 11 12 7 19 0 85 11 12 7 25 0 125 12 0 53
0 0 0 11 12 7 28 0 127 11 12 7 0 0 0 11 12 7 19 0 85 11 12 7 25 0 125 12 0 53
0 0 0 11 12 6 28 0 127 11 12 6 0 0 0 11 12 6 19 0 85 11 12 6 25 0 125 12 0 53
0 0 0 11 12 6 28 0 127 11 12 6 0 0 0 11 12 6 19 0 85 11 12 6 25 0 125 12 0 53
0 0 1 12 11 6 72 0 498 12 11 6 0 0 1 12 11 6 55 0 441 12 11 6 29 0 128 13 0 51
0 0 1 12 11 7 72 0 498 12 11 7 0 0 1 12 11 7 55 0 441 12 11 7 29 0 128 13 0 51
0 0 1 12 11 6 72 0 498 12 11 6 0 0 1 12 11 6 55 0 441 12 11 6 29 0 128 13 0 51
0 0 1 12 11 6 72 0 499 12 11 6 0 0 1 12 11 6 55 0 442 12 11 6 26 0 118 12 0 49
0 0 1 12 11 7 72 0 499 12 11 7 0 0 1 12 11 7 55 0 442 12 11 7 26 0 118 12 0 49
0 0 0 11 12 6 28 0 132 11 12 6 0 0 0 11 12 6 19 0 89 11 12 6 22 0 114 10 0 43
0 0 0 11 12 7 28 0 132 11 12 7 0 0 0 11 12 7 19 0 89 11 12 7 22 0 114 10 0 43
0 0 0 11 12 7 28 0 132 11 12 7 0 0 0 11 12 7 19 0 89 11 12 7 22 0 114 10 0 43
0 0 0 12 11 7 28 0 127 12 11 7 0 0 0 12 11 7 19 0 87 12 11 7 25 0 125 11 0 45
0 0 0 12 11 6 28 0 127 12 11 6 0 0 0 12 11 6 19 0 87 12 11 6 25 0 125 11 0 45
0 0 0 12 11 7 28 0 127 12 11 7 0 0 0 12 11 7 19 0 87 12 11 7 25 0 125 11 0 45
0 0 0 12 11 8 28 0 127 12 11 8 0 0 0 12 11 8 19 0 87 12 11 8 25 0 125 11 0 45
0 0 0 13 10 7 39 0 183 13 10 7 0 0 0 13 10 7 48 0 363 13 10 7 27 0 126 14 0 62
0 0 0 12 11 7 35 0 175 12 11 7 0 0 0 12 11 7 44 0 361 12 11 7 22 0 113 13 0 59
0 0 0 14 9 7 36 0 175 14 9 7 0 0 0 14 9 7 47 0 361 14 9 7 23 0 113 13 0 60
0 0 0 14 9 7 36 0 175 14 9 7 0 0 0 14 9 7 47 0 361 14 9 7 23 0 113 15 0 66
0 0 0 14 9 7 36 0 175 14 9 7 0 0 0 14 9 7 47 0 361 14 9 7 23 0 113 15 0 66
0 0 0 12 11 7 25 0 115 12 11 7 0 0 0 12 11 7 18 0 77 12 11 7 22 0 113 13 0 57
0 0 0 12 11 7 29 0 127 12 11 7 0 0 0 12 11 7 21 0 86 12 11 7 26 0 125 15 0 60
0 0 2 11 12 7 45 0 237 11 12 7 0 0 3 11 12 6 492 0 5775 11 12 6 26 0 125 27 0 166
0 0 2 12 11 7 45 0 238 12 11 7 0 0 3 12 11 7 495 0 5775 12 11 7 24 0 116 25 0 164
25 0 88 12 10 6 1053208 0 3789442 12 10 6 319 0 1151 12 10 6 17807 0 61869 12 10 6 3267 0 11745 33 0 167
25 0 88 15 8 5 1053210 0 3789442 15 8 5 319 0 1151 15 8 5 17807 0 61869 15 8 5 3265 0 11745 31 0 164
25 0 88 16 7 5 1053213 0 3789441 16 7 5 319 0 1151 16 7 5 17810 0 61868 16 7 5 3262 0 11746 31 0 163
25 0 88 17 7 4 1053198 0 3789445 17 7 4 319 0 1151 17 7 4 17338 0 61731 17 7 4 3262 0 11746 19 0 52
27 0 89 18 6 4 1057320 0 3788610 18 6 4 321 0 1151 18 6 4 17613 0 61704 18 6 4 3288 0 11742 26 0 91
