7 0 15 57 4 8 1007 0 2537 57 4 8 13 0 35 54 5 8 34774 0 108608 54 5 8 76 0 159 520 0 963
7 0 15 62 4 5 1018 0 2534 62 4 5 13 0 35 59 4 5 34791 0 108603 59 4 5 77 0 156 517 0 953
7 2 15 60 3 4 1201 140 2529 60 3 4 14 2 35 57 3 4 34863 145 108581 57 3 4 107 52 169 526 75 948
8 4 15 56 3 3 1342 374 2507 56 3 3 15 4 35 53 3 3 34879 392 108576 53 3 3 132 59 174 529 85 946
8 4 14 50 3 2 1327 732 2095 50 3 2 15 5 35 49 3 2 34584 425 108633 49 3 2 152 83 172 508 85 937
8 5 14 42 3 2 1317 1264 1574 42 3 2 15 5 35 43 3 3 34093 425 108677 43 3 3 165 121 165 478 85 929
8 5 14 37 3 2 1307 1362 1339 37 3 2 15 5 34 39 3 2 33899 425 108722 39 3 2 175 188 149 462 85 927
7 5 13 28 3 2 1417 1470 1353 28 3 2 14 5 34 30 3 3 29592 425 107934 30 3 3 193 214 137 339 85 808
7 5 10 24 3 2 1493 1560 1260 24 3 2 10 5 26 28 2 2 18754 438 91577 28 2 2 209 226 129 253 85 685
6 6 6 21 3 1 1603 1645 1288 21 3 1 8 6 16 26 2 2 5075 476 22368 26 2 2 224 236 121 160 85 349
6 6 6 11 3 1 1703 1662 1221 11 3 1 8 6 16 19 1 2 5115 510 22360 19 1 2 245 246 105 167 85 349
8 6 7 1 1 0 3141 1813 4214 1 1 0 11 6 17 8 1 0 5328 526 22323 8 1 0 305 280 143 171 85 344
10 7 9 1 1 0 5124 1862 7484 1 1 0 13 7 18 10 1 0 5489 594 22296 10 1 0 355 292 210 170 85 344
12 8 9 0 0 0 6190 1985 7681 0 0 0 14 8 18 9 1 0 5589 692 22276 9 1 0 400 313 236 170 85 344
13 10 9 0 0 0 7231 2361 7725 0 0 0 15 9 18 6 1 0 5688 1000 22255 6 1 0 442 337 249 171 86 344
14 14 8 0 0 0 7961 5865 7576 0 0 0 16 13 17 6 1 0 5729 1312 22240 6 1 0 475 426 250 169 87 343
14 14 8 0 0 0 8290 6726 7486 0 0 0 16 14 17 5 1 0 5827 1347 22225 5 1 0 487 491 249 173 88 344
14 14 8 0 0 0 8342 6726 7445 0 0 0 17 14 17 5 1 0 5772 1347 22172 5 1 0 489 489 247 174 89 350
14 14 8 0 0 0 8322 6698 7452 0 0 0 15 14 14 4 1 0 4280 1253 17667 4 1 0 497 491 239 153 89 330
13 13 7 0 0 0 8318 6300 7430 0 0 0 14 12 9 4 1 0 1432 1105 1494 4 1 0 512 511 226 102 88 103
13 13 7 0 0 0 8435 6300 7323 0 0 0 14 12 9 2 1 0 1456 1105 1478 2 1 0 521 511 217 101 89 93
12 10 7 0 0 0 7171 3259 7107 0 0 0 12 10 8 2 1 0 1280 918 1425 2 1 0 484 412 220 99 88 93
10 8 4 0 0 0 5186 2790 4515 0 0 0 10 9 5 1 1 0 1116 846 1319 1 1 0 429 359 198 100 89 93
9 8 4 0 0 0 4173 2517 3879 0 0 0 9 8 4 1 1 0 1034 781 1304 1 1 0 386 332 174 100 89 93
8 7 3 0 0 0 3212 2383 2807 0 0 0 8 8 4 1 1 0 963 751 1305 1 1 0 348 320 138 101 89 93
7 7 3 0 0 0 2541 2307 1786 0 0 0 8 8 3 1 1 0 942 701 1441 1 1 0 319 306 102 103 90 95
7 7 3 0 0 0 2695 2289 2240 0 0 0 8 8 3 1 1 0 916 697 1369 1 1 0 325 306 118 101 90 97
8 7 4 0 0 0 3563 2355 3598 0 0 0 9 8 6 8 1 0 878 708 921 8 1 0 366 323 163 93 89 49
9 8 4 0 0 0 4536 2513 4384 0 0 0 10 8 7 15 1 0 986 751 1015 15 1 0 405 342 189 92 89 51
10 8 5 0 0 0 5451 2681 4872 0 0 0 10 8 7 15 1 0 1067 781 1050 15 1 0 444 358 219 92 89 52
10 8 5 1 1 0 5592 2681 5004 1 1 0 10 8 7 16 1 0 1050 791 1065 16 1 0 473 376 240 93 88 54
9 8 5 2 1 0 5510 2588 5069 2 1 0 10 8 8 21 1 0 1008 752 1087 21 1 0 502 425 248 92 88 55
9 8 6 2 1 0 5443 2535 5119 2 1 0 9 8 8 20 1 0 963 711 1105 20 1 0 540 517 251 92 88 55
8 7 6 4 1 0 5343 2355 5190 4 1 0 9 7 8 22 1 0 917 667 1123 22 1 0 568 595 255 92 87 56
8 6 6 5 1 0 5191 2079 5282 5 1 0 8 5 8 22 1 0 862 510 1125 22 1 0 584 624 256 92 87 56
12 4 51 5 1 0 10974 1843 69438 5 1 0 10 4 23 23 1 0 896 356 1461 23 1 0 607 640 264 92 86 59
11 3 51 6 1 0 10444 1422 69471 6 1 0 9 3 23 25 1 0 791 326 1422 25 1 0 620 657 263 89 85 43
11 3 53 6 1 0 9659 1199 69506 6 1 0 9 3 25 19 1 0 4640 294 33167 19 1 0 595 602 277 137 86 302
11 2 53 6 1 0 8831 1157 69527 6 1 0 9 3 26 12 1 0 10721 284 51954 12 1 0 572 561 289 277 87 802
9 2 53 7 1 0 7732 1041 69555 7 1 0 8 3 26 14 1 0 10591 242 51978 14 1 0 546 517 295 277 87 803
9 2 53 8 1 0 7466 1025 69560 8 1 0 7 2 26 16 1 0 10560 242 51984 16 1 0 539 504 291 276 87 803
9 2 53 7 1 0 7439 1004 69563 7 1 0 7 2 26 14 1 0 10558 242 51984 14 1 0 528 494 290 277 87 802
9 2 53 9 1 0 7416 977 69565 9 1 0 7 2 26 17 1 0 10557 242 51984 17 1 0 512 471 292 276 86 803
9 2 53 9 1 0 7390 949 69568 9 1 0 7 2 26 18 1 0 10556 242 51984 18 1 0 503 457 289 276 86 803
9 2 53 8 1 0 7390 952 69567 8 1 0 7 2 26 22 1 0 10557 242 51984 22 1 0 502 459 288 275 85 803
4 2 14 10 1 0 1457 947 2093 10 1 0 5 2 15 23 1 0 10431 242 51996 23 1 0 502 465 281 274 86 803
5 2 14 10 1 0 1438 929 2109 10 1 0 5 2 15 23 1 0 10464 242 51991 23 1 0 482 448 282 277 87 803
3 2 7 12 1 0 1179 909 1376 12 1 0 3 2 8 27 1 0 6490 210 40634 27 1 0 486 445 288 229 85 754
2 2 1 13 1 0 931 893 560 13 1 0 2 2 1 30 1 0 256 199 465 30 1 0 499 463 284 90 85 50
2 2 1 14 1 0 955 914 565 14 1 0 2 2 1 29 1 0 265 199 478 29 1 0 501 467 282 91 85 52
2 2 1 15 1 0 962 914 569 15 1 0 2 2 1 32 1 0 267 199 479 32 1 0 500 469 283 91 85 52
2 2 1 16 1 0 988 937 569 16 1 0 2 2 1 32 1 0 267 199 478 32 1 0 513 489 284 90 85 52
2 2 1 14 1 0 990 935 551 14 1 0 2 2 1 30 1 0 267 199 478 30 1 0 520 491 281 91 85 52
2 2 1 13 1 0 981 927 553 13 1 0 2 2 1 31 1 0 267 199 478 31 1 0 513 482 281 91 85 52
2 2 1 13 1 0 987 929 558 13 1 0 2 2 1 30 1 0 268 199 480 30 1 0 520 496 285 91 85 52
2 2 1 11 1 0 969 905 556 11 1 0 2 2 1 28 1 0 267 199 481 28 1 0 514 480 287 91 85 51
2 2 1 11 1 0 977 920 504 11 1 0 2 2 1 30 1 0 234 199 201 30 1 0 532 506 287 88 85 32
2 2 1 10 1 0 977 927 507 10 1 0 2 2 1 28 1 0 234 199 200 28 1 0 536 516 286 89 85 31
2 2 1 10 1 0 981 927 513 10 1 0 2 2 1 28 1 0 234 199 200 28 1 0 540 516 291 89 85 32
2 2 1 8 1 0 990 933 505 8 1 0 2 2 1 28 1 0 227 199 164 28 1 0 556 529 292 88 85 28
2 2 1 6 1 0 974 923 497 6 1 0 2 2 1 25 1 0 224 199 162 25 1 0 553 525 291 88 85 27
2 2 1 6 1 0 984 933 499 6 1 0 2 2 1 23 1 0 225 199 164 23 1 0 558 531 292 89 85 26
2 2 1 6 1 0 1007 953 501 6 1 0 2 2 1 24 1 0 228 199 168 24 1 0 569 546 291 89 85 27
2 2 1 5 1 0 1045 1001 495 5 1 0 2 2 1 24 1 0 228 199 170 24 1 0 598 588 292 89 85 27
2 2 2 5 1 0 1081 1025 526 5 1 0 2 2 2 23 1 0 529 199 3827 23 1 0 602 593 289 107 85 262
2 2 2 5 1 0 1116 1033 581 5 1 0 2 2 3 24 1 0 817 199 4765 24 1 0 596 590 287 116 85 276
3 2 8 4 1 0 1240 1053 873 4 1 0 4 2 12 21 1 0 9756 230 63830 21 1 0 570 557 293 266 87 1004
4 2 8 3 1 0 1283 1069 912 3 1 0 5 2 12 22 1 0 11412 242 64121 22 1 0 539 518 300 351 88 1056
4 2 8 2 1 0 1261 1049 931 2 1 0 5 2 12 20 1 0 11533 242 64150 20 1 0 517 484 301 357 91 1058
6 2 13 2 1 0 3370 1053 12431 2 1 0 7 3 13 22 1 0 11961 262 64331 22 1 0 514 459 314 368 91 1064
10 3 17 1 1 0 7966 1115 18409 1 1 0 9 3 14 20 1 0 12078 327 64310 20 1 0 575 520 351 365 87 1065
36 3 115 0 0 0 42813 1294 155129 0 0 0 21 4 52 19 1 0 12715 393 64253 19 1 0 633 578 396 361 85 1066
87 6 202 0 0 0 109481 1691 272224 0 0 0 42 6 90 17 1 0 13868 744 64164 17 1 0 697 667 436 357 85 1067
88 6 203 1 1 0 110730 1692 272481 1 1 0 43 6 90 14 1 0 13917 788 64158 14 1 0 690 646 437 359 85 1066
87 5 203 1 1 0 110716 1684 272487 1 1 0 43 5 90 13 1 0 13615 706 64107 13 1 0 696 669 436 341 85 1038
87 5 203 1 1 0 110713 1678 272488 1 1 0 43 5 91 16 1 0 13328 587 64101 16 1 0 712 696 429 331 85 1037
86 4 203 1 1 0 110607 1561 272530 1 1 0 41 4 91 17 1 0 4396 440 11008 17 1 0 740 723 412 182 85 404
85 3 203 3 1 0 110568 1379 272545 3 1 0 40 3 91 16 1 0 2742 362 7795 16 1 0 773 765 390 98 85 165
85 3 203 5 1 0 110592 1504 272536 5 1 0 40 3 91 17 1 0 2623 356 7410 17 1 0 793 777 376 92 85 139
83 3 204 7 1 0 108491 1367 273079 7 1 0 39 3 91 18 1 0 2214 327 4862 18 1 0 783 747 369 82 85 44
79 2 205 7 1 0 103919 1185 274422 7 1 0 36 3 92 18 1 0 2098 266 4894 18 1 0 740 705 361 86 85 44
53 2 177 8 1 0 69051 1097 236310 8 1 0 24 2 79 23 1 0 1459 242 4227 23 1 0 673 639 334 88 85 44
3 2 15 8 1 0 2367 1015 20273 8 1 0 3 2 12 26 1 0 308 221 752 26 1 0 597 591 278 91 85 43
8 2 43 8 1 0 8850 1015 58751 8 1 0 5 2 20 26 1 0 416 222 1157 26 1 0 597 580 295 91 85 47
8 2 43 8 1 0 8819 995 58756 8 1 0 5 2 20 27 1 0 416 222 1157 27 1 0 580 554 299 91 85 49
8 2 43 9 1 0 8844 1001 58753 9 1 0 5 2 20 24 1 0 447 242 1188 24 1 0 580 548 302 96 85 63
8 2 43 10 1 0 8844 1001 58753 10 1 0 5 2 20 24 1 0 508 242 1566 24 1 0 578 545 304 105 85 155
8 2 43 8 1 0 8863 1011 58750 8 1 0 5 2 20 22 1 0 507 242 1565 22 1 0 588 550 302 106 85 155
8 2 43 7 1 0 8858 1006 58751 7 1 0 5 2 20 27 1 0 504 242 1565 27 1 0 586 552 303 105 85 155
9 2 44 5 1 0 9051 1043 58734 5 1 0 7 2 24 24 1 0 8824 242 53172 24 1 0 560 518 310 266 87 935
9 2 44 5 1 0 9094 1057 58729 5 1 0 8 3 24 25 1 0 11453 242 66044 25 1 0 553 499 312 329 87 1151
9 2 44 4 1 0 9115 1057 58726 4 1 0 8 3 24 21 1 0 11996 242 66303 21 1 0 548 493 314 368 88 1227
10 2 44 5 1 0 9125 1069 58725 5 1 0 8 3 24 19 1 0 13939 242 70867 19 1 0 537 482 313 430 89 1399
4 2 8 5 1 0 1362 1039 1217 5 1 0 5 2 14 18 1 0 13843 242 70890 18 1 0 516 479 290 438 90 1410
4 2 8 5 1 0 1381 1053 1214 5 1 0 5 2 14 18 1 0 13931 242 70902 18 1 0 525 485 289 446 90 1422
4 2 8 5 1 0 1361 1055 1190 5 1 0 5 2 14 21 1 0 13902 242 70907 21 1 0 531 486 291 442 88 1422
4 2 8 4 1 0 1395 1075 1226 4 1 0 6 3 14 21 1 0 16824 242 72765 21 1 0 510 462 295 574 90 1638
4 2 8 5 1 0 1385 1069 1235 5 1 0 6 3 14 24 1 0 16834 242 72763 24 1 0 496 453 291 574 90 1638
11 2 53 4 1 0 10415 1069 69839 4 1 0 9 3 27 19 1 0 17047 242 72731 19 1 0 495 427 306 577 90 1638
69 2 196 4 1 0 89878 1090 262235 4 1 0 32 3 86 19 1 0 10047 253 50986 19 1 0 598 506 381 411 85 1391
114 3 227 4 1 0 149891 1149 304677 4 1 0 51 3 103 18 1 0 8490 284 32480 18 1 0 670 545 430 344 85 1224
170 3 272 4 1 0 224267 1373 364134 4 1 0 76 3 126 17 1 0 9291 327 31907 17 1 0 747 626 455 303 85 1147
170 3 272 5 1 0 224295 1412 364117 5 1 0 76 3 126 16 1 0 7693 327 19670 16 1 0 748 633 456 261 85 948
170 3 272 4 1 0 224310 1460 364109 4 1 0 76 4 126 19 1 0 7637 333 19644 19 1 0 752 653 457 252 85 930
170 3 272 4 1 0 224313 1448 364106 4 1 0 76 4 126 19 1 0 7559 351 19567 19 1 0 742 630 460 245 85 909
170 4 272 4 1 0 224331 1466 364095 4 1 0 76 4 126 16 1 0 7659 359 19619 16 1 0 739 630 461 249 85 910
170 3 272 4 1 0 224292 1363 364120 4 1 0 76 3 126 14 1 0 4739 345 8010 14 1 0 746 634 456 111 85 254
170 4 272 3 1 0 224356 1460 364081 3 1 0 76 4 126 12 1 0 6152 372 13073 12 1 0 744 645 459 151 85 379
164 4 270 4 1 0 215364 1458 362666 4 1 0 75 4 125 11 1 0 7670 372 23796 11 1 0 718 616 463 166 85 390
105 3 220 4 1 0 135857 1175 295960 4 1 0 51 3 105 10 1 0 7599 337 25438 10 1 0 617 501 433 204 85 454
60 3 185 4 1 0 75807 1085 248701 4 1 0 31 3 88 10 1 0 6541 326 25450 10 1 0 547 454 376 209 86 452
4 2 8 7 1 0 1409 1020 1715 7 1 0 6 3 19 15 1 0 5198 266 25282 15 1 0 469 416 292 212 89 452
4 2 8 7 1 0 1373 1005 1663 7 1 0 6 3 19 15 1 0 4850 248 24990 15 1 0 476 419 290 192 88 392
4 2 8 8 1 0 1349 983 1664 8 1 0 6 3 19 15 1 0 4847 242 24991 15 1 0 463 413 285 192 88 392
4 2 8 8 1 0 1342 985 1649 8 1 0 6 2 19 17 1 0 4841 242 24991 17 1 0 472 416 291 190 88 392
4 2 8 9 1 0 1308 949 1639 9 1 0 6 2 19 21 1 0 4741 242 24940 21 1 0 465 410 289 186 88 390
4 2 8 11 1 0 1274 909 1633 11 1 0 5 2 19 26 1 0 4766 242 25003 26 1 0 458 402 287 185 88 397
3 2 7 11 1 0 1236 909 1583 11 1 0 5 2 19 28 1 0 3574 242 23000 28 1 0 462 404 281 156 87 331
3 2 6 10 1 0 1173 878 1535 10 1 0 3 2 7 27 1 0 1899 242 10944 27 1 0 462 404 280 144 87 318
2 2 2 10 1 0 1020 859 819 10 1 0 3 2 3 28 1 0 854 225 5370 28 1 0 470 408 280 120 87 252
2 2 2 12 1 0 1005 845 819 12 1 0 3 2 3 29 1 0 839 222 5368 29 1 0 464 409 276 119 87 251
2 2 3 9 1 0 1047 851 881 9 1 0 3 2 3 25 1 0 903 229 5403 25 1 0 467 407 279 123 87 252
2 2 3 10 4 9 979 813 926 10 4 9 3 2 4 28 2 5 899 199 5406 28 2 5 428 370 296 118 85 257
2 2 3 13 6 10 905 773 956 13 6 10 2 2 4 27 3 8 876 177 5408 27 3 8 392 323 314 110 85 259
2 1 3 19 6 9 805 657 972 19 6 9 2 2 4 28 5 9 849 169 5410 28 5 9 338 260 313 102 85 260
2 1 3 27 6 8 716 453 982 27 6 8 2 1 4 33 5 8 840 98 5415 33 5 8 288 214 306 106 85 329
1 1 3 32 6 8 634 241 967 32 6 8 2 1 4 34 6 9 727 85 5022 34 6 9 253 131 306 97 73 323
1 0 3 38 6 8 504 0 918 38 6 8 1 0 3 36 7 9 475 0 3073 36 7 9 200 0 286 78 0 275
1 0 3 49 5 8 421 0 849 49 5 8 1 0 3 45 6 8 401 0 3008 45 6 8 171 0 281 65 0 265
0 0 2 56 5 7 308 0 682 56 5 7 0 0 2 51 6 8 160 0 747 51 6 8 133 0 259 47 0 220
0 0 2 62 5 7 205 0 617 62 5 7 0 0 2 58 6 8 143 0 750 58 6 8 78 0 196 41 0 221
0 0 1 66 6 7 66 0 321 66 6 7 0 0 1 62 6 8 59 0 305 62 6 8 26 0 91 29 0 218
0 0 1 71 5 6 47 0 281 71 5 6 0 0 1 66 6 7 56 0 374 66 6 7 19 0 68 26 0 215
0 0 1 73 5 6 67 0 338 73 5 6 0 0 1 67 6 6 79 0 468 67 6 6 24 0 90 29 0 217
0 0 1 72 5 6 63 0 326 72 5 6 0 0 1 67 6 6 77 0 467 67 6 6 24 0 90 29 0 216
0 0 1 66 6 6 55 0 312 66 6 6 0 0 1 61 7 7 64 0 420 61 7 7 21 0 84 18 0 73
0 0 1 63 6 6 52 0 309 63 6 6 0 0 1 59 7 7 59 0 410 59 7 7 19 0 77 15 0 54
0 0 1 63 6 7 53 0 309 63 6 7 0 0 1 58 7 7 59 0 410 58 7 7 20 0 78 15 0 55
0 0 1 55 7 8 51 0 310 55 7 8 0 0 1 52 8 8 58 0 410 52 8 8 18 0 77 14 0 55
0 0 3 55 7 8 343 0 4807 55 7 8 0 0 1 52 8 8 65 0 423 52 8 8 25 0 121 15 0 57
3 0 33 58 7 8 3850 0 44474 58 7 8 1 0 13 52 8 8 127 0 800 52 8 8 40 0 179 16 0 57
3 0 33 59 6 8 3858 0 44474 59 6 8 1 0 13 54 7 8 140 0 813 54 7 8 44 0 184 22 0 90
3 0 33 57 7 8 3869 0 44473 57 7 8 1 0 13 54 7 8 393 0 3740 54 7 8 46 0 189 32 0 168
3 0 33 55 7 10 3856 0 44474 55 7 10 1 0 13 53 8 10 378 0 3735 53 8 10 42 0 180 30 0 166
3 0 33 56 7 10 3904 0 44471 56 7 10 2 0 13 57 7 10 625 0 4603 57 7 10 47 0 183 44 0 205
3 0 33 55 7 10 3920 0 44470 55 7 10 2 0 13 55 7 10 677 0 4707 55 7 10 50 0 191 47 0 210
3 0 33 58 6 9 3936 0 44469 58 6 9 2 0 13 57 7 10 688 0 4707 57 7 10 52 0 193 49 0 211
3 0 33 55 7 10 3935 0 44469 55 7 10 2 0 13 54 7 10 687 0 4707 54 7 10 52 0 193 49 0 211
3 0 33 57 7 10 3933 0 44470 57 7 10 2 0 13 56 7 10 685 0 4707 56 7 10 51 0 192 49 0 210
8 0 45 53 7 10 10171 0 60356 53 7 10 4 0 19 53 7 11 853 0 4833 53 7 11 86 0 277 55 0 229
18 0 59 44 8 11 22274 0 78044 44 8 11 10 0 30 47 7 11 4832 0 18699 47 7 11 152 0 378 138 0 474
20 0 59 43 7 11 22381 0 78016 43 7 11 15 0 40 44 7 11 13773 0 53829 44 7 11 154 0 377 227 0 655
20 0 59 43 7 10 22408 0 78009 43 7 10 16 0 41 45 7 10 15617 0 58124 45 7 10 154 0 375 258 0 739
21 0 59 46 6 9 22434 0 78002 46 6 9 18 0 42 47 7 9 21625 0 73942 47 7 9 155 0 375 318 0 862
21 0 59 47 6 9 22411 0 78007 47 6 9 18 0 43 47 7 9 24723 0 78129 47 7 9 153 0 374 357 0 923
21 0 59 47 6 9 22399 0 78011 47 6 9 18 0 43 46 7 9 24672 0 78139 46 7 9 150 0 371 354 0 923
21 0 59 47 6 9 22620 0 78060 47 6 9 18 0 43 47 7 9 24675 0 78138 47 7 9 155 0 377 354 0 923
21 0 59 47 6 7 22640 0 78054 47 6 7 19 0 43 46 7 8 26386 0 79444 46 7 8 156 0 377 402 0 990
21 0 59 47 6 7 22642 0 78054 47 6 7 19 0 43 46 7 8 26387 0 79444 46 7 8 158 0 377 403 0 989
16 0 51 50 6 7 16115 0 67594 50 6 7 17 0 41 48 7 8 26213 0 79493 48 7 8 116 0 316 395 0 988
3 0 11 57 6 7 528 0 4262 57 6 7 9 0 33 55 6 7 22219 0 78511 55 6 7 43 0 134 316 0 922
3 0 11 62 5 6 556 0 4287 62 5 6 6 0 20 59 6 7 17158 0 74205 59 6 7 48 0 141 282 0 882
5 0 15 56 5 7 1018 0 4659 56 5 7 9 0 27 52 6 7 37348 0 140273 52 6 7 75 0 185 496 0 1433
7 0 15 51 5 7 2708 0 6874 51 5 7 10 0 25 48 6 7 33998 0 136090 48 6 7 160 0 310 485 0 1405
7 0 16 51 5 7 3721 0 8465 51 5 7 10 0 24 47 6 7 30750 0 133952 47 6 7 197 0 351 442 0 1369
7 0 16 60 4 4 3722 0 8464 60 4 4 10 0 24 59 4 5 30754 0 133951 59 4 5 199 0 350 443 0 1368
7 0 15 62 4 4 3490 0 7459 62 4 4 10 0 24 60 4 5 30745 0 133953 60 4 5 194 0 344 442 0 1369
7 0 15 69 3 3 3472 0 7465 69 3 3 9 0 23 65 4 4 29036 0 133238 65 4 4 194 0 344 395 0 1322
7 0 15 74 3 3 3478 0 7463 74 3 3 9 0 23 69 3 3 29040 0 133237 69 3 3 197 0 343 396 0 1322
7 1 15 75 3 3 3531 52 7443 75 3 3 9 1 23 69 3 3 29059 52 133233 69 3 3 206 52 341 399 52 1321
8 2 15 68 3 2 3675 192 7390 68 3 2 10 2 23 61 3 3 29055 181 133231 61 3 3 227 70 331 400 78 1318
7 3 13 59 3 3 3716 318 7350 59 3 3 9 3 21 66 3 3 25215 225 126891 66 3 3 247 94 326 346 79 1277
5 4 8 59 3 3 3397 356 7243 59 3 3 5 3 9 66 3 3 3026 225 30156 66 3 3 246 173 313 104 79 388
4 3 5 59 3 3 1867 356 5386 59 3 3 4 3 5 66 3 3 444 225 892 66 3 3 188 161 222 63 79 137
3 4 3 51 3 3 1026 1263 966 51 3 3 3 4 3 58 3 3 410 340 824 58 3 3 180 213 150 63 82 93
4 5 3 40 3 3 1213 1524 950 40 3 3 4 5 3 46 3 3 458 425 816 46 3 3 209 269 146 69 85 91
4 5 3 31 3 2 1383 1649 884 31 3 2 4 5 3 39 2 3 509 425 806 39 2 3 235 286 134 76 85 89
5 6 2 20 2 3 1546 1735 783 20 2 3 5 6 3 30 2 2 555 497 792 30 2 2 260 298 116 83 85 86
5 6 2 10 2 1 1731 1809 622 10 2 1 5 6 3 33 1 0 604 510 785 33 1 0 289 315 88 87 85 82
6 6 2 2 2 1 1827 1851 502 2 2 1 6 6 2 25 1 0 629 510 775 25 1 0 303 318 64 90 85 80
5 6 2 16 2 1 1667 1823 718 16 2 1 5 6 3 37 1 1 586 510 792 37 1 1 279 311 100 85 85 84
5 6 2 26 2 1 1493 1755 844 26 2 1 5 5 3 38 2 1 548 497 818 38 2 1 254 300 124 83 85 93
6 5 30 38 2 1 3886 1630 41523 38 2 1 4 5 6 50 2 1 465 425 605 50 2 1 238 278 169 72 85 58
12 5 65 49 2 1 12120 1488 88560 49 2 1 6 5 21 59 2 1 517 425 1176 59 2 1 228 258 214 67 85 68
11 4 65 57 2 1 11937 1016 88583 57 2 1 6 3 21 66 2 1 468 320 1172 66 2 1 202 211 219 63 84 75
11 2 65 66 2 1 11767 192 88604 66 2 1 5 2 21 76 2 1 543 136 2108 76 2 1 177 120 223 67 72 132
10 1 66 80 2 1 11614 113 88622 80 2 1 5 1 22 91 2 1 518 84 2134 91 2 1 153 70 224 65 52 144
10 1 66 92 2 1 11457 52 88641 92 2 1 4 0 22 103 2 1 484 0 2152 103 2 1 129 52 221 60 0 146
9 0 66 106 2 1 11283 0 88661 106 2 1 4 0 22 105 2 1 468 0 2192 105 2 1 104 0 215 62 0 160
9 0 66 117 2 1 11133 0 88679 117 2 1 3 0 22 118 2 1 425 0 2195 118 2 1 81 0 207 57 0 161
9 0 66 119 2 1 11130 0 88679 119 2 1 3 0 22 123 2 1 425 0 2195 123 2 1 79 0 206 57 0 161
9 0 66 121 2 1 11202 0 88687 121 2 1 3 0 22 122 2 1 422 0 2193 122 2 1 79 0 209 55 0 156
7 0 58 120 2 1 8623 0 78611 120 2 1 3 0 21 120 2 1 398 0 2174 120 2 1 67 0 175 54 0 156
1 0 2 120 2 1 209 0 1757 120 2 1 1 0 2 124 2 2 290 0 1911 124 2 2 51 0 106 55 0 161
1 0 2 124 2 1 199 0 1753 124 2 1 1 0 2 130 2 1 280 0 1908 130 2 1 47 0 100 52 0 159
0 0 2 129 2 1 182 0 1741 129 2 1 0 0 2 133 2 1 157 0 721 133 2 1 45 0 90 44 0 116
0 0 2 127 2 1 173 0 1734 127 2 1 0 0 2 133 2 1 140 0 646 133 2 1 45 0 91 42 0 105
0 0 2 129 2 1 192 0 1749 129 2 1 1 0 2 133 2 1 184 0 1050 133 2 1 46 0 91 49 0 169
0 0 2 128 2 1 180 0 1745 128 2 1 0 0 2 133 2 1 155 0 954 133 2 1 42 0 84 43 0 157
0 0 2 127 2 1 183 0 1746 127 2 1 0 0 2 133 2 1 157 0 955 133 2 1 43 0 85 44 0 158
1 0 2 120 2 1 239 0 1767 120 2 1 1 0 2 124 2 1 172 0 972 124 2 1 67 0 145 48 0 159
1 0 2 108 2 1 270 0 535 108 2 1 1 0 2 113 2 1 180 0 955 113 2 1 125 0 235 54 0 159
1 1 2 97 2 1 378 52 604 97 2 1 1 1 2 106 2 1 197 52 955 106 2 1 186 52 290 60 52 158
1 1 2 87 2 1 463 138 635 87 2 1 1 1 2 95 2 1 192 85 904 95 2 1 236 74 315 62 68 148
1 1 2 77 2 1 550 225 654 77 2 1 1 1 2 89 2 1 210 85 903 89 2 1 279 107 323 67 74 147
1 1 2 64 2 1 625 421 670 64 2 1 1 1 2 76 1 1 243 104 952 76 1 1 310 210 321 74 84 148
1 1 2 54 2 1 717 681 677 54 2 1 2 2 2 66 1 1 253 143 947 66 1 1 360 305 330 78 85 145
1 2 1 40 2 1 805 787 646 40 2 1 2 2 1 56 1 1 214 170 391 56 1 1 420 391 334 76 85 57
1 2 1 27 2 1 913 895 621 27 2 1 2 2 1 45 1 1 227 177 387 45 1 1 480 454 321 81 85 50
2 2 1 19 1 0 1019 987 585 19 1 0 2 2 1 37 1 0 242 199 386 37 1 0 540 525 302 86 85 44
2 2 1 13 1 0 1069 1020 540 13 1 0 2 2 1 32 1 0 242 199 340 32 1 0 575 562 287 88 85 39
2 2 1 12 1 0 1072 1020 544 12 1 0 2 2 1 32 1 0 245 199 342 32 1 0 570 562 287 88 85 39
2 2 1 15 1 0 1055 995 562 15 1 0 2 2 1 34 1 0 245 199 342 34 1 0 555 536 291 88 85 40
2 2 1 15 1 0 1066 1005 559 15 1 0 2 2 1 36 1 0 244 199 342 36 1 0 564 544 293 88 85 40
2 2 1 15 1 0 1076 1005 559 15 1 0 2 2 1 33 1 0 245 199 342 33 1 0 570 552 291 88 85 39
2 2 1 17 1 0 1107 1033 548 17 1 0 2 2 1 37 1 0 227 199 159 37 1 0 595 598 290 86 85 29
1 2 1 27 1 0 1030 977 585 27 1 0 2 2 1 47 1 0 213 177 161 47 1 0 557 561 310 82 85 33
1 2 1 37 1 1 926 887 631 37 1 1 2 2 1 55 1 1 210 170 253 55 1 1 498 496 332 78 85 48
1 1 1 47 2 1 818 797 659 47 2 1 1 2 1 64 1 1 193 144 255 64 1 1 438 409 347 72 85 51
3 1 18 55 2 1 2797 725 25256 55 2 1 2 2 11 69 1 1 277 137 1145 69 1 1 392 346 354 72 85 82
50 2 152 52 2 1 66292 767 204457 52 2 1 21 2 60 66 2 1 1275 168 3330 66 2 1 459 363 441 69 83 82
50 1 152 61 2 1 66191 511 204490 61 2 1 21 1 60 75 2 1 1267 97 3338 75 2 1 410 236 446 68 68 132
50 1 152 71 2 1 66108 192 204516 71 2 1 21 1 60 83 2 1 1262 85 3343 83 2 1 365 123 448 64 54 140
50 1 152 79 2 1 66223 148 204482 79 2 1 21 1 60 87 2 1 1392 85 3439 87 2 1 333 89 443 80 52 175
56 1 161 89 2 1 74324 88 216110 89 2 1 22 1 61 95 2 1 1442 52 3481 95 2 1 310 70 460 75 52 176
56 1 161 98 2 1 74958 52 216520 98 2 1 22 0 61 103 2 1 1444 0 3490 103 2 1 258 52 447 70 0 178
57 0 161 100 2 1 74964 0 216518 100 2 1 22 0 61 103 2 1 1525 0 3673 103 2 1 250 0 446 77 0 205
57 0 161 98 2 1 74958 0 216520 98 2 1 22 0 61 102 2 2 1511 0 3673 102 2 2 247 0 446 74 0 203
57 0 161 100 2 1 74974 0 216515 100 2 1 22 0 61 102 2 2 1608 0 4087 102 2 2 249 0 446 78 0 209
55 0 161 103 2 1 72903 0 215732 103 2 1 21 0 60 102 2 1 1562 0 4043 102 2 1 238 0 435 77 0 204
7 0 58 114 2 2 9299 0 78846 114 2 2 2 0 13 112 2 2 546 0 2675 112 2 2 109 0 246 73 0 205
7 0 58 117 2 2 9291 0 78847 117 2 2 2 0 13 114 2 1 534 0 2668 114 2 1 105 0 242 69 0 177
8 0 58 118 2 1 9292 0 78847 118 2 1 2 0 13 116 2 1 542 0 2668 116 2 1 106 0 241 70 0 173
7 0 58 116 2 1 9086 0 78861 116 2 1 2 0 13 117 2 1 438 0 2525 117 2 1 78 0 204 53 0 141
3 0 15 107 2 1 1133 0 16517 107 2 1 4 0 15 109 2 1 5681 0 28850 109 2 1 62 0 117 152 0 440
3 0 10 104 2 2 453 0 1378 104 2 2 4 0 15 106 2 2 6144 0 29309 106 2 2 60 0 106 162 0 453
4 0 11 101 2 2 516 0 1473 101 2 2 5 0 17 103 2 2 7844 0 32957 103 2 2 64 0 123 191 0 519
4 0 13 102 2 2 569 0 1511 102 2 2 6 0 18 103 2 1 11198 0 48040 103 2 1 66 0 121 264 0 728
4 0 13 101 2 2 575 0 1508 101 2 2 6 0 18 100 2 2 11306 0 48170 100 2 2 70 0 137 266 0 732
4 0 13 98 2 2 565 0 1498 98 2 2 6 0 18 102 2 1 11362 0 48210 102 2 1 72 0 148 266 0 734
4 0 13 97 2 2 574 0 1500 97 2 2 6 0 18 102 2 2 11372 0 48208 102 2 2 76 0 158 268 0 734
4 0 13 95 2 2 573 0 1500 95 2 2 6 0 18 102 2 2 11372 0 48208 102 2 2 75 0 158 268 0 734
4 0 13 90 3 2 562 0 1502 90 3 2 6 0 18 97 2 2 11351 0 48212 97 2 2 73 0 159 264 0 735
4 0 13 96 2 2 550 0 1500 96 2 2 6 0 18 99 2 2 11310 0 48220 99 2 2 73 0 160 259 0 735
2 0 9 107 2 2 323 0 1061 107 2 2 3 0 12 109 2 2 6015 0 39478 109 2 2 65 0 155 162 0 623
2 0 8 109 2 2 272 0 816 109 2 2 2 0 11 112 2 2 5630 0 39171 112 2 2 66 0 162 157 0 625
1 0 6 111 2 2 184 0 557 111 2 2 1 0 7 114 2 2 3854 0 36039 114 2 2 58 0 140 124 0 563
0 0 2 112 2 2 131 0 393 112 2 2 1 0 3 119 2 2 510 0 5276 119 2 2 56 0 140 52 0 192
0 0 1 112 2 2 111 0 338 112 2 2 0 0 2 124 2 2 306 0 3099 124 2 2 51 0 123 46 0 162
0 0 1 112 2 2 102 0 315 112 2 2 0 0 1 123 2 2 195 0 1929 123 2 2 47 0 106 42 0 148
0 0 1 114 2 2 108 0 348 114 2 2 0 0 2 124 2 2 211 0 1958 124 2 2 46 0 91 43 0 147
0 0 2 112 2 2 122 0 366 112 2 2 1 0 2 120 2 2 552 0 4194 120 2 2 47 0 93 69 0 297
1 0 2 119 2 2 143 0 466 119 2 2 1 0 2 125 2 1 565 0 4196 125 2 1 52 0 102 71 0 298
1 0 2 119 2 2 142 0 465 119 2 2 1 0 2 124 2 2 564 0 4196 124 2 2 52 0 101 71 0 298
0 0 2 118 2 2 126 0 406 118 2 2 1 0 2 122 2 2 549 0 4195 122 2 2 51 0 100 68 0 298
0 0 1 121 2 2 116 0 386 121 2 2 1 0 2 126 2 2 452 0 3745 126 2 2 48 0 85 62 0 271
0 0 1 121 2 2 130 0 432 121 2 2 1 0 2 128 2 2 457 0 3751 128 2 2 49 0 88 59 0 267
0 0 1 119 2 2 128 0 432 119 2 2 1 0 2 124 2 2 446 0 3750 124 2 2 48 0 88 58 0 266
0 0 1 118 2 2 136 0 471 118 2 2 1 0 2 121 2 2 456 0 3752 121 2 2 48 0 89 59 0 267
0 0 1 118 2 2 136 0 471 118 2 2 1 0 2 124 2 2 456 0 3752 124 2 2 46 0 87 59 0 267
1 0 11 117 2 2 981 0 15350 117 2 2 1 0 4 124 2 2 489 0 3799 124 2 2 55 0 128 62 0 273
71 0 220 107 2 2 94760 0 294402 107 2 2 32 0 102 114 2 2 1836 0 5463 114 2 2 183 0 403 39 0 87
149 0 312 93 2 2 199201 0 416874 93 2 2 69 0 149 101 2 2 3812 0 7980 101 2 2 309 0 524 40 0 80
214 1 352 80 2 2 285695 83 471414 80 2 2 100 1 171 91 2 1 5491 84 9167 91 2 1 426 55 590 49 52 110
214 1 352 76 3 2 285711 85 471404 76 3 2 100 1 171 88 2 2 5881 89 11010 88 2 2 428 60 589 61 52 179
214 1 352 75 3 2 285714 85 471403 75 3 2 100 1 171 89 2 1 5881 84 11010 89 2 1 429 62 590 60 52 179
214 1 352 75 3 2 285698 72 471412 75 3 2 100 1 171 88 2 2 5866 84 11016 88 2 2 427 55 591 59 52 178
214 1 352 75 3 2 285698 72 471412 75 3 2 100 1 171 88 2 2 5866 84 11015 88 2 2 427 58 591 59 52 178
214 1 352 74 3 2 285690 83 471417 74 3 2 100 1 171 89 2 2 5857 84 11019 89 2 2 426 59 591 57 52 177
214 1 352 73 3 2 285690 72 471417 73 3 2 100 1 171 85 2 2 5856 74 11020 85 2 2 427 59 591 56 52 177
214 1 353 73 3 2 284839 61 471681 73 3 2 100 1 171 83 2 2 5803 52 11024 83 2 2 421 56 589 53 52 168
150 0 314 83 3 2 199310 0 419912 83 3 2 70 0 153 94 2 2 4243 0 10319 94 2 2 322 0 531 54 0 173
71 0 223 95 2 2 94858 0 298731 95 2 2 33 0 108 105 2 2 2265 0 8623 105 2 2 195 0 416 53 0 175
7 0 65 108 2 2 8365 0 88205 108 2 2 3 0 26 117 2 2 587 0 6570 117 2 2 78 0 215 44 0 159
6 0 65 111 2 2 8348 0 88207 111 2 2 3 0 25 118 2 2 197 0 1359 118 2 2 76 0 213 32 0 69
6 0 65 106 3 2 8362 0 88206 106 3 2 3 0 25 113 2 2 200 0 1360 113 2 2 76 0 210 32 0 69
7 0 65 97 2 2 8467 0 88197 97 2 2 3 0 25 105 2 2 219 0 1360 105 2 2 131 0 278 38 0 70
7 0 65 87 2 2 8573 0 88187 87 2 2 3 0 25 99 2 2 237 0 1359 99 2 2 194 0 327 44 0 70
7 1 65 77 2 2 8682 106 88177 77 2 2 3 1 25 88 2 2 255 52 1358 88 2 2 251 70 352 51 52 70
7 1 65 71 2 2 8787 192 88168 71 2 2 3 1 25 84 2 2 273 85 1357 84 2 2 307 114 369 57 65 70
7 1 65 58 2 2 8887 588 88159 58 2 2 4 1 25 73 2 2 289 85 1354 73 2 2 352 220 370 62 76 65
1 1 1 50 2 2 737 733 742 50 2 2 1 1 2 65 2 2 189 100 293 65 2 2 368 298 346 65 85 67
1 2 1 38 2 2 804 821 729 38 2 2 2 2 2 53 2 2 220 170 359 53 2 2 396 349 335 74 85 74
2 2 1 26 2 2 875 869 701 26 2 2 2 2 2 43 2 2 238 175 357 43 2 2 436 402 325 80 85 71
2 2 1 15 2 2 985 928 668 15 2 2 2 2 2 34 1 1 255 199 354 34 1 1 497 466 315 87 85 68
2 2 1 11 1 0 1061 967 599 11 1 0 2 2 1 27 1 0 270 221 345 27 1 0 541 514 289 93 85 64
2 2 1 10 1 0 1054 962 604 10 1 0 2 2 1 24 1 0 269 221 344 24 1 0 536 513 284 94 85 64
2 2 1 11 1 0 1047 956 607 11 1 0 2 2 1 21 1 0 269 201 343 21 1 0 531 497 284 95 85 63
2 2 1 11 1 0 1048 949 609 11 1 0 2 2 1 23 1 0 269 201 344 23 1 0 539 498 288 94 85 64
2 2 1 11 1 0 1047 947 616 11 1 0 2 2 1 19 1 0 270 199 344 19 1 0 535 492 288 95 85 63
2 2 1 14 1 0 1020 931 609 14 1 0 2 2 1 20 1 0 264 199 341 20 1 0 529 486 290 95 85 63
2 2 2 23 1 1 930 874 601 23 1 1 2 2 2 29 1 1 255 196 394 29 1 1 485 441 313 88 85 55
1 2 2 26 3 4 854 817 634 26 3 4 2 2 2 35 2 3 213 170 317 35 2 3 453 419 334 77 85 44
3 2 21 35 3 5 2806 797 28274 35 3 5 2 2 7 41 3 4 238 170 534 41 3 4 431 400 358 74 85 63
3 1 21 43 3 5 2717 749 28280 43 3 5 2 2 7 49 3 4 317 137 1787 49 3 4 374 345 358 80 85 137
2 1 21 44 4 6 2620 481 28288 44 4 6 2 1 7 49 4 5 294 85 1788 49 4 5 326 211 362 72 74 139
2 1 21 48 4 7 2516 52 28294 48 4 7 1 1 7 51 4 6 272 52 1790 51 4 6 274 52 354 64 52 141
2 0 21 50 5 8 2412 0 28301 50 5 8 1 0 7 51 5 8 251 0 1791 51 5 8 214 0 332 55 0 142
2 0 21 57 5 7 2298 0 28308 57 5 7 1 0 7 53 6 7 228 0 1792 53 6 7 146 0 285 48 0 142
2 0 21 61 5 7 2188 0 28314 61 5 7 1 0 7 58 6 7 208 0 1792 58 6 7 92 0 234 40 0 142
2 0 21 65 6 7 2106 0 28318 65 6 7 1 0 7 63 6 7 189 0 1793 63 6 7 47 0 179 32 0 141
1 0 21 57 7 9 2075 0 28319 57 7 9 0 0 7 53 8 10 163 0 1772 53 8 10 41 0 175 28 0 139
1 0 21 57 7 10 2072 0 28319 57 7 10 0 0 7 50 8 12 160 0 1772 50 8 12 41 0 176 28 0 140
0 0 1 52 8 10 42 0 252 52 8 10 0 0 0 46 9 12 112 0 1717 46 9 12 20 0 87 23 0 133
0 0 0 48 9 11 15 0 59 48 9 11 0 0 0 42 10 12 12 0 52 42 10 12 12 0 53 9 0 39
0 0 0 43 10 13 14 0 57 43 10 13 0 0 0 38 12 15 11 0 48 38 12 15 11 0 51 8 0 38
0 0 0 43 10 15 14 0 63 43 10 15 0 0 0 39 11 17 11 0 50 39 11 17 12 0 58 9 0 40
0 0 0 45 9 14 15 0 64 45 9 14 0 0 0 40 11 16 12 0 50 40 11 16 12 0 58 9 0 41
0 0 0 44 10 15 16 0 68 44 10 15 0 0 0 39 11 17 13 0 56 39 11 17 13 0 61 9 0 43
0 0 0 42 10 15 16 0 69 42 10 15 0 0 0 38 12 17 12 0 55 38 12 17 12 0 60 9 0 42
0 0 0 37 12 17 12 0 57 37 12 17 0 0 0 33 14 18 10 0 49 33 14 18 9 0 50 8 0 41
0 0 0 37 12 19 12 0 59 37 12 19 0 0 0 33 14 20 11 0 54 33 14 20 10 0 51 8 0 41
0 0 0 38 12 18 13 0 72 38 12 18 0 0 0 35 13 19 12 0 59 35 13 19 9 0 48 9 0 44
10 0 67 41 10 18 13421 0 90628 41 10 18 5 0 36 38 11 19 334 0 2124 38 11 19 49 0 227 14 0 85
76 0 222 37 10 17 101779 0 297577 37 10 17 33 0 96 33 12 18 1831 0 5175 33 12 18 182 0 446 19 0 85
131 0 276 37 9 15 175169 0 369883 37 9 15 56 0 120 34 10 15 3103 0 6440 34 10 15 309 0 551 25 0 88
131 0 276 41 8 14 175170 0 369882 41 8 14 57 0 120 37 9 15 3105 0 6439 37 9 15 309 0 551 27 0 94
131 0 276 40 8 14 175173 0 369881 40 8 14 57 0 120 38 9 15 3105 0 6439 38 9 15 310 0 551 27 0 93
134 0 277 44 7 14 179415 0 370236 44 7 14 58 0 120 42 7 14 3183 0 6433 42 7 14 335 0 564 33 0 110
134 0 276 45 7 13 179451 0 370219 45 7 13 58 0 120 43 7 14 3355 0 6848 43 7 14 343 0 564 50 0 183
134 0 276 50 6 8 179456 0 370217 50 6 8 58 0 120 48 6 8 3359 0 6846 48 6 8 346 0 563 52 0 185
134 0 276 50 6 9 179455 0 370217 50 6 9 58 0 120 48 6 9 3359 0 6846 48 6 9 346 0 563 53 0 185
134 0 276 52 5 9 179456 0 370216 52 5 9 58 0 120 48 6 9 3359 0 6846 48 6 9 347 0 563 53 0 184
124 0 273 44 7 11 166047 0 365102 44 7 11 53 0 116 41 8 12 3036 0 6657 41 8 12 305 0 540 46 0 170
58 0 189 51 7 11 77691 0 253609 51 7 11 25 0 82 47 8 11 1540 0 5064 47 8 11 173 0 421 41 0 171
3 0 31 58 7 10 4311 0 41813 58 7 10 1 0 10 52 8 11 304 0 2683 52 8 11 49 0 194 43 0 200
3 0 31 60 6 10 4337 0 41812 60 6 10 1 0 10 54 7 11 343 0 2747 54 7 11 54 0 199 62 0 359
3 0 31 56 7 11 4337 0 41812 56 7 11 1 0 10 50 8 12 346 0 2747 50 8 12 53 0 199 62 0 360
0 0 1 57 7 11 101 0 499 57 7 11 0 0 1 51 8 12 278 0 2686 51 8 12 29 0 101 60 0 364
0 0 1 57 7 12 68 0 400 57 7 12 0 0 1 50 8 13 114 0 817 50 8 13 21 0 77 47 0 343
0 0 1 53 8 12 63 0 396 53 8 12 0 0 1 46 9 13 110 0 815 46 9 13 18 0 69 45 0 342
0 0 1 53 8 13 64 0 396 53 8 13 0 0 1 47 9 14 111 0 815 47 9 14 18 0 69 44 0 342
0 0 1 55 7 13 77 0 426 55 7 13 0 0 1 50 8 13 119 0 820 50 8 13 22 0 77 47 0 343
0 0 1 55 7 12 77 0 426 55 7 12 0 0 1 49 8 13 119 0 820 49 8 13 22 0 77 47 0 343
0 0 1 57 7 12 109 0 513 57 7 12 0 0 2 53 7 13 275 0 2218 53 7 13 28 0 98 58 0 351
4 0 23 53 7 13 952 0 5030 53 7 13 5 0 27 50 7 13 10069 0 66762 50 7 13 44 0 125 144 0 519
5 0 25 50 7 12 1304 0 5474 50 7 12 7 0 31 50 7 12 17346 0 90566 50 7 12 61 0 156 248 0 769
5 0 25 55 6 11 1453 0 5536 55 6 11 7 0 31 52 6 11 17494 0 90547 52 6 11 82 0 199 276 0 784
6 0 25 52 6 11 1556 0 5555 52 6 11 8 0 31 51 6 11 18091 0 90543 51 6 11 97 0 219 352 0 918
6 0 25 52 6 11 1674 0 5642 52 6 11 8 0 31 52 6 11 18132 0 90536 52 6 11 111 0 244 362 0 928
6 0 25 58 5 7 1739 0 5649 58 5 7 8 0 31 57 5 7 18210 0 90527 57 5 7 125 0 262 376 0 933
6 0 25 60 4 6 1739 0 5649 60 4 6 8 0 31 58 5 7 18210 0 90527 58 5 7 125 0 262 377 0 933
6 0 25 55 5 7 1729 0 5651 55 5 7 8 0 31 54 5 7 18205 0 90529 54 5 7 122 0 262 375 0 934
6 0 25 58 5 6 1730 0 5651 58 5 6 8 0 31 57 5 6 18205 0 90528 57 5 6 122 0 262 375 0 934
6 0 25 57 5 6 1697 0 5653 57 5 6 8 0 31 55 5 6 18050 0 90536 55 5 6 116 0 257 364 0 935
2 0 12 59 6 6 847 0 2861 59 6 6 3 0 17 56 6 7 8223 0 62458 56 6 7 98 0 250 271 0 871
1 0 2 59 6 7 470 0 1758 59 6 7 0 0 2 53 7 7 908 0 4800 53 7 7 75 0 230 147 0 595
0 0 2 53 7 7 317 0 1454 53 7 7 0 0 2 50 8 8 756 0 4637 50 8 8 54 0 194 118 0 569
0 0 1 50 8 9 206 0 1282 50 8 9 0 0 1 43 10 11 147 0 1236 43 10 11 37 0 165 37 0 234
0 0 2 49 8 9 216 0 1040 49 8 9 0 0 4 42 10 12 584 0 4782 42 10 12 34 0 134 50 0 217
0 0 3 48 8 9 169 0 940 48 8 9 0 0 4 41 10 12 649 0 4952 41 10 12 22 0 83 45 0 195
0 0 3 47 8 10 209 0 1029 47 8 10 1 0 4 42 10 12 684 0 4959 42 10 12 25 0 90 49 0 198
1 0 6 49 8 9 291 0 1121 49 8 9 2 0 8 46 8 11 5669 0 46037 46 8 11 33 0 109 181 0 871
1 0 6 49 8 10 293 0 1122 49 8 10 2 0 8 45 9 12 5669 0 46037 45 9 12 34 0 113 181 0 871
1 0 6 43 9 10 305 0 1135 43 9 10 2 0 8 41 9 12 5679 0 46036 41 9 12 37 0 123 181 0 871
3 0 11 42 8 10 896 0 5605 42 8 10 4 0 16 41 9 12 12539 0 62790 41 9 12 51 0 149 285 0 1013
4 0 12 40 8 11 1218 0 5760 40 8 11 6 0 18 42 8 12 16505 0 70975 42 8 12 90 0 217 411 0 1101
4 0 12 42 7 9 1256 0 5759 42 7 9 6 0 19 44 7 10 17702 0 71212 44 7 10 96 0 225 461 0 1130
4 0 12 44 7 9 1257 0 5758 44 7 9 6 0 19 49 6 8 17705 0 71212 49 6 8 97 0 227 463 0 1129
4 0 12 46 7 9 1132 0 5715 46 7 9 6 0 18 53 6 7 17221 0 71176 53 6 7 87 0 220 436 0 1128
4 0 12 43 7 9 1118 0 5710 43 7 9 5 0 18 51 6 8 17079 0 71190 51 6 8 87 0 221 428 0 1127
8 0 55 47 7 8 7025 0 72754 47 7 8 7 0 27 52 6 8 17163 0 71178 52 6 8 102 0 257 429 0 1127
7 0 55 47 7 9 6939 0 72761 47 7 9 6 0 26 49 7 9 12174 0 55554 49 7 9 94 0 250 296 0 784
7 0 55 54 6 8 6983 0 72758 54 6 8 6 0 26 55 6 8 12320 0 55546 55 6 8 101 0 254 314 0 794
7 0 55 58 5 7 6975 0 72758 58 5 7 6 0 26 57 5 8 12402 0 55558 57 5 8 100 0 249 324 0 801
6 0 54 59 6 7 6382 0 72600 59 6 7 4 0 22 59 6 7 5540 0 35518 59 6 7 85 0 238 220 0 619
5 0 54 62 6 7 6057 0 72611 62 6 7 2 0 20 58 6 8 1573 0 8928 58 6 8 47 0 177 96 0 386
4 0 54 61 6 8 6020 0 72614 61 6 8 2 0 20 57 7 8 376 0 2703 57 7 8 41 0 165 46 0 223
5 0 54 65 6 8 6034 0 72613 65 6 8 2 0 20 59 6 8 383 0 2704 59 6 8 42 0 165 47 0 222
5 0 54 61 6 8 6043 0 72613 61 6 8 2 0 20 53 7 9 392 0 2707 53 7 9 43 0 168 50 0 228
5 0 54 68 5 7 6043 0 72613 68 5 7 2 0 20 59 6 7 394 0 2706 59 6 7 44 0 167 51 0 228
0 0 1 62 6 7 96 0 476 62 6 7 0 0 1 55 7 8 275 0 2457 55 7 8 24 0 87 45 0 220
0 0 1 64 6 7 96 0 476 64 6 7 0 0 1 55 7 8 274 0 2457 55 7 8 25 0 86 45 0 220
0 0 1 57 7 7 64 0 389 57 7 7 0 0 1 49 8 8 227 0 2270 49 8 8 18 0 64 34 0 171
0 0 1 59 7 7 73 0 436 59 7 7 0 0 1 49 8 8 182 0 1688 49 8 8 19 0 71 26 0 117
1 0 6 62 6 7 347 0 1861 62 6 7 2 0 11 52 8 8 4714 0 35800 52 8 8 37 0 136 91 0 425
1 0 6 63 6 7 368 0 1865 63 6 7 2 0 12 55 7 7 4794 0 35795 55 7 7 40 0 137 102 0 432
4 0 37 65 5 6 4138 0 49774 65 5 6 3 0 18 57 6 6 4991 0 35795 57 6 6 62 0 186 125 0 458
4 0 37 62 5 6 4126 0 49775 62 5 6 3 0 18 55 6 6 4985 0 35796 55 6 6 60 0 183 124 0 458
4 0 37 71 5 5 4135 0 49774 71 5 5 3 0 18 60 6 6 5035 0 35802 60 6 6 65 0 189 133 0 473
4 0 37 68 5 6 4142 0 49774 68 5 6 3 0 18 58 6 6 5040 0 35801 58 6 6 66 0 192 135 0 473
4 0 37 71 5 5 4143 0 49774 71 5 5 3 0 18 61 6 6 5040 0 35801 61 6 6 67 0 192 135 0 473
4 0 37 73 4 5 4152 0 49773 73 4 5 3 0 18 65 5 6 5059 0 35800 65 5 6 68 0 192 140 0 475
4 0 37 74 4 5 4139 0 49773 74 4 5 3 0 18 67 5 6 4962 0 35789 67 5 6 67 0 192 133 0 471
4 0 37 74 4 5 4130 0 49774 74 4 5 3 0 18 66 5 6 4918 0 35780 66 5 6 66 0 190 131 0 469
3 0 37 71 5 6 3855 0 49762 71 5 6 1 0 14 62 6 7 386 0 1807 62 6 7 48 0 154 66 0 241
3 0 37 69 5 6 3835 0 49763 69 5 6 1 0 14 58 6 7 305 0 1701 58 6 7 44 0 154 52 0 223
0 0 1 69 6 6 66 0 326 69 6 6 0 0 1 57 7 7 108 0 1032 57 7 7 23 0 86 30 0 152
0 0 1 69 5 6 81 0 383 69 5 6 0 0 1 57 7 7 126 0 1065 57 7 7 26 0 94 32 0 156
0 0 1 60 7 7 57 0 310 60 7 7 0 0 1 51 8 7 63 0 423 51 8 7 18 0 71 18 0 79
0 0 1 60 7 6 59 0 351 60 7 6 0 0 1 51 8 7 68 0 446 51 8 7 18 0 73 19 0 91
0 0 1 57 7 7 60 0 351 57 7 7 0 0 1 48 9 7 68 0 446 48 9 7 18 0 74 20 0 92
0 0 1 53 8 6 55 0 338 53 8 6 0 0 1 46 9 7 140 0 1455 46 9 7 17 0 73 20 0 100
1 0 7 54 7 6 179 0 1021 54 7 6 2 0 10 51 8 7 1888 0 11513 51 8 7 26 0 87 59 0 212
6 0 27 47 7 7 834 0 3386 47 7 7 9 0 43 47 8 7 13266 0 62211 47 8 7 43 0 130 180 0 670
6 0 27 55 6 6 876 0 3396 55 6 6 10 0 43 55 6 6 13699 0 62378 55 6 6 51 0 149 201 0 686
6 0 27 57 5 6 893 0 3393 57 5 6 10 0 43 61 5 6 14017 0 62372 61 5 6 56 0 149 239 0 721
7 0 27 66 4 5 913 0 3390 66 4 5 10 0 43 71 4 5 14320 0 62356 71 4 5 59 0 149 271 0 742
7 0 27 68 4 5 918 0 3387 68 4 5 10 0 43 74 4 5 14755 0 62388 74 4 5 58 0 144 295 0 757
7 0 27 73 3 4 936 0 3385 73 3 4 11 0 43 78 3 4 15025 0 62378 78 3 4 62 0 145 317 0 767
7 0 27 79 3 3 953 0 3377 79 3 3 11 0 43 84 3 3 15379 0 62379 84 3 3 64 0 141 341 0 778
7 0 27 88 2 2 968 0 3374 88 2 2 11 0 43 92 2 2 15703 0 62375 92 2 2 67 0 141 365 0 789
8 1 27 93 2 1 1025 52 3415 93 2 1 12 0 43 96 2 1 16524 0 62937 96 2 1 70 52 141 389 0 800
7 0 26 96 2 1 916 0 3306 96 2 1 10 0 42 95 2 1 15054 0 62302 95 2 1 62 0 136 372 0 803
2 0 5 106 2 1 272 0 781 106 2 1 3 0 9 104 2 1 4037 0 13884 104 2 1 48 0 101 278 0 563
2 0 5 107 2 1 274 0 786 107 2 1 3 0 9 105 2 1 3941 0 13043 105 2 1 48 0 92 284 0 569
2 0 5 107 2 1 287 0 810 107 2 1 3 0 9 102 2 2 4013 0 13193 102 2 2 46 0 89 271 0 545
2 0 5 99 3 2 268 0 808 99 3 2 3 0 9 95 3 2 3710 0 13031 95 3 2 43 0 89 239 0 516
2 0 5 98 3 3 249 0 792 98 3 3 2 0 8 96 3 3 3257 0 12499 96 3 3 42 0 91 213 0 490
2 0 5 100 3 3 264 0 866 100 3 3 2 0 8 99 3 3 3020 0 12290 99 3 3 45 0 111 197 0 470
1 0 5 90 3 4 233 0 855 90 3 4 2 0 8 90 3 4 2653 0 11923 90 3 4 40 0 110 169 0 443
1 0 5 81 4 5 218 0 852 81 4 5 2 0 8 82 4 4 2329 0 11588 82 4 4 36 0 108 144 0 410
1 0 3 79 4 5 160 0 603 79 4 5 1 0 4 79 4 5 1422 0 6229 79 4 5 34 0 106 117 0 369
1 0 3 71 5 7 143 0 595 71 5 7 1 0 3 70 5 7 1141 0 5610 70 5 7 31 0 105 94 0 333
0 0 3 64 6 8 133 0 594 64 6 8 0 0 3 64 6 8 790 0 4601 64 6 8 29 0 107 74 0 285
0 0 2 60 6 8 89 0 466 60 6 8 0 0 2 61 6 8 454 0 3533 61 6 8 21 0 87 47 0 213
0 0 1 57 7 8 59 0 407 57 7 8 0 0 1 58 7 8 64 0 401 58 7 8 19 0 88 22 0 121
0 0 1 54 8 9 58 0 407 54 8 9 0 0 1 55 8 9 62 0 401 55 8 9 19 0 88 22 0 121
0 0 1 54 8 10 67 0 481 54 8 10 0 0 1 53 8 9 77 0 485 53 8 9 17 0 85 22 0 122
0 0 1 49 9 10 33 0 292 49 9 10 0 0 1 49 9 9 44 0 343 49 9 9 11 0 52 17 0 111
0 0 1 53 8 10 35 0 292 53 8 10 0 0 1 50 8 9 45 0 343 50 8 9 12 0 52 17 0 112
0 0 2 54 8 9 53 0 430 54 8 9 0 0 2 50 8 9 106 0 1061 50 8 9 14 0 54 21 0 119
0 0 1 53 8 9 71 0 477 53 8 9 0 0 1 48 9 9 112 0 1064 48 9 9 20 0 91 23 0 124
1 0 6 59 6 7 161 0 692 59 6 7 1 0 7 56 7 7 2664 0 34834 56 7 7 32 0 116 83 0 480
7 0 27 52 7 8 3700 0 24797 52 7 8 8 0 30 48 7 7 30610 0 120790 48 7 7 59 0 176 399 0 1255
8 0 27 45 7 8 4690 0 24881 45 7 8 10 0 30 41 8 7 31594 0 120580 41 8 7 120 0 257 458 0 1250
10 0 27 41 6 8 6497 0 25188 41 6 8 12 0 31 40 7 7 32957 0 120316 40 7 7 201 0 333 513 0 1245
12 1 27 41 5 5 8603 81 25594 41 5 5 15 1 31 40 6 6 33371 52 120224 40 6 6 291 52 401 526 52 1241
12 2 27 47 4 4 8618 192 25589 47 4 4 15 2 31 44 5 5 33419 136 120214 44 5 5 297 59 399 534 68 1239
39 6 88 44 3 4 44174 926 117639 44 3 4 28 6 51 40 4 5 34156 1657 120033 40 4 5 422 103 485 541 68 1237
45 6 102 45 3 3 52420 1192 136514 45 3 3 32 7 57 42 3 4 34349 1776 119989 42 3 4 445 143 491 546 84 1235
45 6 102 53 2 2 52419 1279 136513 53 2 2 32 6 57 51 2 3 34299 1745 119999 51 2 3 450 179 489 546 85 1235
45 6 102 56 2 1 52404 1077 136519 56 2 1 32 6 57 56 2 1 34294 1708 120000 56 2 1 446 167 487 545 85 1235
45 5 102 60 2 1 52336 559 136544 60 2 1 31 5 57 58 2 1 31783 1341 115529 58 2 1 438 119 489 489 75 1167
39 2 100 72 2 1 48799 192 135551 72 2 1 24 2 52 68 2 1 3828 136 5972 68 2 1 413 96 490 168 54 256
37 1 101 86 2 1 47854 140 135842 86 2 1 22 1 52 83 2 1 2901 92 5654 83 2 1 364 85 486 122 52 230
42 1 117 97 2 1 54322 88 158155 97 2 1 22 1 56 92 2 1 1674 52 3824 92 2 1 310 59 481 73 52 162
40 1 118 105 2 1 52278 56 158678 105 2 1 20 1 56 100 2 1 1495 52 4025 100 2 1 232 52 428 77 52 182
41 1 118 94 2 1 52388 88 158643 94 2 1 24 1 60 90 2 1 5349 52 29107 90 2 1 236 60 427 119 52 264
17 1 84 96 2 1 17591 85 112196 96 2 1 13 1 45 94 2 1 11766 52 58497 94 2 1 131 57 259 205 52 579
11 1 64 104 2 1 9375 85 84947 104 2 1 9 1 35 101 2 1 11585 52 58512 101 2 1 120 52 231 203 52 580
11 1 64 106 2 1 9374 85 84947 106 2 1 9 1 35 105 2 1 11585 52 58512 105 2 1 119 52 231 204 52 579
11 1 65 106 1 1 9700 88 84978 106 1 1 10 1 36 106 2 1 13773 52 62165 106 2 1 131 61 243 255 52 677
11 1 65 106 1 1 9726 96 84976 106 1 1 10 1 36 109 1 1 13746 54 62168 109 1 1 136 62 250 254 52 677
12 1 65 106 1 1 9784 116 84972 106 1 1 11 1 36 110 1 1 14376 84 62417 110 1 1 142 64 256 301 52 786
12 1 65 104 1 1 9791 111 84972 104 1 1 11 1 36 109 1 1 14505 84 62430 109 1 1 139 63 254 311 52 796
6 1 17 102 1 1 1724 105 7829 102 1 1 9 1 29 106 1 1 15204 84 62941 106 1 1 126 63 220 346 53 864
5 1 17 104 2 1 1674 96 7830 104 2 1 8 1 29 106 2 1 15272 52 62968 106 2 1 119 60 217 368 52 930
4 1 16 113 2 1 1545 83 7828 113 2 1 5 1 18 118 2 1 11358 52 56665 118 2 1 114 52 218 319 52 921
2 0 7 122 2 1 796 0 4072 122 2 1 2 0 8 126 2 1 4211 0 25125 126 2 1 98 0 198 228 0 775
2 0 7 118 2 2 767 0 4066 118 2 2 2 0 8 124 2 1 4201 0 25126 124 2 1 87 0 178 227 0 776
2 0 7 113 2 2 770 0 4067 113 2 2 2 0 8 115 2 2 4418 0 25247 115 2 2 86 0 176 246 0 814
1 0 4 110 2 2 550 0 2490 110 2 2 1 0 4 112 2 2 2527 0 13685 112 2 2 85 0 175 208 0 755
1 0 4 109 2 2 508 0 2427 109 2 2 1 0 4 110 2 2 2518 0 13686 110 2 2 81 0 165 208 0 755
1 0 3 112 2 2 470 0 2370 112 2 2 1 0 4 110 2 2 1904 0 11888 110 2 2 78 0 158 164 0 634
1 0 3 113 2 2 425 0 2320 113 2 2 1 0 4 110 2 2 1726 0 11665 110 2 2 75 0 158 143 0 610
1 0 2 114 2 2 222 0 916 114 2 2 1 0 2 115 2 2 896 0 7213 115 2 2 63 0 130 103 0 495
1 0 2 111 2 2 217 0 915 111 2 2 1 0 2 117 2 2 599 0 6379 117 2 2 60 0 129 67 0 326
0 0 2 110 2 2 213 0 910 110 2 2 1 0 2 115 2 2 597 0 6379 115 2 2 60 0 126 66 0 326
1 0 2 110 2 2 216 0 912 110 2 2 1 0 2 118 2 2 600 0 6379 118 2 2 60 0 128 66 0 326
1 0 2 115 2 2 218 0 912 115 2 2 1 0 2 119 2 2 604 0 6379 119 2 2 61 0 128 68 0 327
0 0 2 117 2 1 206 0 886 117 2 1 1 0 2 126 2 1 382 0 5741 126 2 1 62 0 130 48 0 197
1 0 1 113 2 1 249 0 813 113 2 1 1 0 2 121 2 1 157 0 385 121 2 1 81 0 152 45 0 77
1 0 1 101 2 1 360 0 872 101 2 1 1 0 2 113 2 1 186 0 410 113 2 1 134 0 228 51 0 78
1 1 1 88 2 2 443 88 872 88 2 2 1 1 2 102 2 1 189 52 384 102 2 1 180 56 264 54 52 73
1 1 1 76 2 2 552 156 929 76 2 2 1 1 2 89 2 2 218 85 448 89 2 2 232 88 297 61 68 70
40 1 132 65 2 2 52542 315 177170 65 2 2 20 2 64 76 2 2 1266 104 3534 76 2 2 350 144 423 67 68 80
99 2 218 57 2 1 130968 745 291770 57 2 1 47 2 106 63 2 1 2722 177 5692 63 2 1 480 305 497 70 56 78
127 2 249 46 2 1 168295 963 332916 46 2 1 60 2 122 51 1 1 3444 242 6526 51 1 1 555 404 504 76 68 77
132 2 252 34 2 1 175379 1071 338088 34 2 1 62 3 122 37 1 1 3565 254 6559 37 1 1 607 490 488 81 82 76
133 3 252 20 1 1 175487 1134 338032 20 1 1 63 3 122 25 1 0 3592 288 6546 25 1 0 652 554 460 88 85 73
133 3 252 8 1 0 175630 1257 337958 8 1 0 63 3 122 13 1 0 3621 327 6532 13 1 0 701 616 424 93 85 70
133 3 252 3 1 0 175622 1261 337962 3 1 0 63 3 122 9 1 0 3778 318 7479 9 1 0 714 624 416 96 85 115
133 3 252 4 1 0 175635 1320 337955 4 1 0 63 3 122 8 1 0 3775 326 7480 8 1 0 707 618 418 95 85 114
133 3 252 3 1 0 175662 1333 337942 3 1 0 63 3 122 10 1 0 3838 327 7474 10 1 0 708 602 420 101 85 126
133 3 252 3 1 0 175652 1333 337947 3 1 0 63 3 122 13 1 0 3835 326 7477 13 1 0 708 602 418 100 85 127
94 2 231 5 1 0 123768 1169 309184 5 1 0 45 3 111 18 1 0 2804 282 6994 18 1 0 644 562 379 100 85 121
35 2 150 6 1 0 45441 1073 201781 6 1 0 18 3 72 24 1 0 1432 242 5508 24 1 0 563 505 317 105 85 128
8 2 57 7 1 0 8180 1025 76418 7 1 0 5 3 21 24 1 0 734 242 4150 24 1 0 518 479 282 107 85 127
2 2 2 8 1 0 1168 1007 782 8 1 0 3 3 3 23 1 0 628 242 4012 23 1 0 499 462 272 107 87 127
2 2 2 8 1 0 1107 957 779 8 1 0 3 2 3 29 1 0 613 242 4011 29 1 0 481 439 272 105 86 125
2 2 2 10 1 0 1068 955 748 10 1 0 3 2 3 29 1 0 607 242 4012 29 1 0 481 440 276 105 85 126
2 2 1 11 1 0 1021 931 689 11 1 0 2 2 2 33 1 0 401 242 1333 33 1 0 487 451 280 99 85 82
2 2 1 11 1 0 970 894 651 11 1 0 2 2 2 33 1 0 390 241 1332 33 1 0 483 456 282 99 85 82
2 2 1 12 1 0 906 841 558 12 1 0 2 2 2 34 1 0 334 242 1192 34 1 0 462 418 282 94 85 63
2 2 1 11 1 0 873 811 549 11 1 0 2 2 2 32 1 0 326 227 1161 32 1 0 446 401 279 94 85 60
2 2 2 9 1 0 883 791 621 9 1 0 2 2 3 28 1 0 575 242 4098 28 1 0 420 348 273 102 85 88
3 2 7 8 1 0 1050 815 1221 8 1 0 5 3 13 22 1 0 5102 242 34475 22 1 0 395 319 266 171 87 438
3 2 7 8 1 0 1060 813 1232 8 1 0 5 3 13 26 1 0 6119 242 36494 26 1 0 386 304 268 202 87 555
5 2 26 7 1 0 3062 793 33224 7 1 0 6 3 14 36 1 0 6169 242 36489 36 1 0 382 292 272 205 87 557
5 2 26 7 1 0 3109 831 33221 7 1 0 6 3 14 36 1 0 6410 242 36540 36 1 0 384 299 274 219 88 569
6 2 26 6 1 0 3184 847 33221 6 1 0 6 3 15 34 1 0 7829 251 39572 34 1 0 388 290 283 253 88 654
7 2 27 5 1 0 3323 877 33222 5 1 0 9 3 25 30 1 0 11821 268 49223 30 1 0 378 278 277 297 91 727
7 2 27 4 1 0 3402 909 33228 4 1 0 9 3 25 28 1 0 12011 279 49268 28 1 0 379 280 279 302 90 729
7 2 27 4 1 0 3384 887 33229 4 1 0 9 3 25 27 1 0 12004 262 49270 27 1 0 374 273 275 302 89 729
7 2 27 6 1 0 3395 900 33229 6 1 0 9 3 25 26 1 0 11999 259 49271 26 1 0 378 276 280 302 88 729
7 2 27 7 1 0 3357 853 33231 7 1 0 9 3 25 27 1 0 11750 242 49172 27 1 0 385 279 285 293 87 728
5 2 26 7 1 0 3167 793 33227 7 1 0 7 2 22 28 1 0 7159 242 36137 28 1 0 403 304 289 223 85 601
12 2 65 7 1 0 12136 845 87667 7 1 0 9 3 32 27 1 0 6288 242 34125 27 1 0 445 351 317 191 85 497
10 2 61 9 1 0 10151 889 81358 9 1 0 8 2 31 18 1 0 6242 242 34130 18 1 0 462 374 317 190 85 495
10 2 61 10 1 0 10152 911 81358 10 1 0 8 2 31 13 1 0 6051 242 34075 13 1 0 472 378 317 182 85 485
10 2 61 11 1 0 10016 787 81371 11 1 0 8 2 31 17 1 0 4623 237 30419 17 1 0 445 353 307 147 85 356
9 2 60 11 1 0 9823 691 81388 11 1 0 5 2 23 17 1 0 627 221 3297 17 1 0 427 319 303 101 85 111
8 2 60 12 1 0 9779 697 81389 12 1 0 5 2 23 20 1 0 446 221 1467 20 1 0 430 327 304 96 85 88
9 2 60 11 1 0 9851 783 81381 11 1 0 5 2 23 18 1 0 1520 233 10090 18 1 0 453 379 309 143 85 435
9 2 60 10 1 0 9871 813 81379 10 1 0 5 2 23 19 1 0 1521 242 10090 19 1 0 463 393 309 143 85 435
9 2 60 9 1 0 9907 863 81375 9 1 0 5 2 23 18 1 0 1543 242 10091 18 1 0 483 418 311 145 85 436
9 2 60 10 1 0 9934 903 81372 10 1 0 5 2 23 20 1 0 1540 228 10092 20 1 0 497 433 313 145 85 436
2 2 2 9 1 0 997 912 660 9 1 0 2 2 3 19 1 0 1386 221 10032 19 1 0 493 449 294 146 87 435
2 2 2 9 1 0 1004 917 656 9 1 0 2 2 3 22 1 0 1381 221 10032 22 1 0 500 472 296 143 87 434
2 2 2 9 1 0 1014 929 637 9 1 0 2 2 3 23 1 0 1335 221 10009 23 1 0 518 510 298 139 86 429
2 2 2 8 1 0 1055 963 643 8 1 0 2 2 3 21 1 0 1350 225 10010 21 1 0 532 522 297 142 86 433
2 2 2 8 1 0 1084 973 638 8 1 0 2 2 3 24 1 0 1348 221 10010 24 1 0 546 530 295 142 86 433
2 2 2 9 1 0 1071 969 614 9 1 0 2 2 3 26 1 0 1340 199 10010 26 1 0 550 550 294 140 85 433
2 2 1 9 1 0 1025 931 592 9 1 0 2 2 1 29 1 0 264 199 400 29 1 0 547 541 288 93 85 76
2 2 1 8 1 0 1015 931 587 8 1 0 2 2 1 31 1 0 264 199 401 31 1 0 546 536 290 93 85 77
2 2 4 8 1 0 1206 919 4786 8 1 0 2 2 2 32 1 0 266 199 386 32 1 0 531 522 290 92 85 75
2 2 4 8 1 0 1211 933 4786 8 1 0 2 2 2 32 1 0 264 199 385 32 1 0 536 524 291 92 85 75
2 2 4 9 1 0 1210 933 4786 9 1 0 2 2 2 33 1 0 265 199 386 33 1 0 535 520 292 91 85 75
2 2 4 6 1 0 1235 940 4791 6 1 0 2 2 3 29 1 0 400 199 2051 29 1 0 538 520 289 96 85 93
2 2 4 7 1 0 1291 965 4800 7 1 0 3 2 3 28 1 0 486 231 2356 28 1 0 523 484 288 99 85 102
3 2 6 7 1 0 1420 999 4842 7 1 0 4 2 10 26 1 0 3591 242 23616 26 1 0 513 473 287 157 87 455
3 2 6 9 1 0 1466 1021 4844 9 1 0 4 2 11 24 1 0 3871 242 23896 24 1 0 528 485 286 169 87 469
3 2 6 8 1 0 1463 1009 4846 8 1 0 4 2 11 25 1 0 3880 242 23895 25 1 0 520 477 284 170 87 469
3 2 6 8 1 0 1466 1007 4845 8 1 0 4 2 11 23 1 0 3881 242 23895 23 1 0 516 472 286 170 87 469
3 2 6 11 1 0 1477 1007 4845 11 1 0 4 2 11 21 1 0 3882 242 23894 21 1 0 517 473 285 170 87 469
3 2 4 11 1 0 1237 989 993 11 1 0 4 2 10 24 1 0 3856 242 23897 24 1 0 515 471 286 168 86 469
3 2 4 12 1 0 1190 955 1003 12 1 0 4 2 10 26 1 0 3855 242 23897 26 1 0 491 441 279 168 85 469
3 2 4 14 1 0 1171 929 1006 14 1 0 4 2 10 28 1 0 3859 242 23896 28 1 0 473 424 278 167 85 469
3 2 4 15 1 0 1146 925 980 15 1 0 4 2 10 28 1 0 3725 242 23831 28 1 0 470 425 275 164 85 467
3 2 4 13 1 0 1151 926 971 13 1 0 4 2 10 27 1 0 3660 242 23811 27 1 0 470 426 273 161 85 465
2 2 2 12 1 0 1048 925 689 12 1 0 2 2 3 28 1 0 559 199 3903 28 1 0 494 444 278 102 85 128
2 2 1 10 1 0 1027 923 646 10 1 0 2 2 2 28 1 0 285 199 334 28 1 0 490 443 274 91 85 39
2 2 1 9 1 0 1023 923 629 9 1 0 2 2 2 24 1 0 278 199 307 24 1 0 494 442 275 91 85 35
2 2 2 11 1 0 1051 933 707 11 1 0 2 2 2 26 1 0 307 199 498 26 1 0 497 444 281 93 85 44
3 2 10 9 1 0 2066 959 13911 9 1 0 3 2 5 25 1 0 335 215 582 25 1 0 509 457 285 96 85 54
3 2 10 10 1 0 2118 997 13911 10 1 0 3 2 5 20 1 0 397 222 1108 20 1 0 520 473 284 103 85 93
