92 70 94 4 2 1 37159 18584 53575 4 2 1 123 74 210 4 2 1 137821 8153 596851 4 2 1 306 275 217 392 91 683
103 74 88 0 0 0 40980 21374 52920 0 0 0 135 79 205 0 0 0 135478 7651 597058 0 0 0 336 285 197 333 91 664
102 76 62 0 0 0 52515 24620 56009 0 0 0 112 82 87 0 0 0 25228 7651 83885 0 0 0 433 333 206 146 90 224
116 74 195 0 0 0 72300 24809 244167 0 0 0 117 81 128 0 0 0 53293 7449 240443 0 0 0 475 450 209 213 91 549
87 64 193 0 0 0 52649 17613 241908 0 0 0 84 68 117 0 0 0 41277 6446 234013 0 0 0 452 430 179 181 92 514
72 25 194 0 0 0 46735 11582 242157 0 0 0 69 27 117 0 0 0 39591 2656 234223 0 0 0 466 458 173 179 92 514
61 22 194 0 0 0 42865 10535 242308 0 0 0 57 25 118 0 0 0 38300 2349 234398 0 0 0 495 481 160 178 93 514
45 21 192 0 0 0 31380 10434 241088 0 0 0 41 24 111 0 0 0 36841 2272 234574 0 0 0 475 486 142 178 93 514
29 21 37 0 0 0 10579 10434 3880 0 0 0 35 24 50 0 0 0 40084 2264 259150 0 0 0 449 472 143 244 94 746
307 22 1135 0 0 0 375949 11448 1513892 0 0 0 161 25 488 0 0 0 48044 2370 259559 0 0 0 546 503 288 253 94 755
307 22 1135 0 0 0 376200 11579 1513832 0 0 0 161 25 488 0 0 0 48005 2365 259564 0 0 0 560 530 283 253 94 755
327 22 1147 0 0 0 402309 11710 1530658 0 0 0 171 25 495 0 0 0 48872 2488 259479 0 0 0 569 518 294 261 94 757
334 24 1145 0 0 0 403247 11717 1530425 0 0 0 182 27 495 0 0 0 93721 2578 356180 0 0 0 548 483 303 473 95 1217
351 23 1174 0 0 0 432888 11670 1566585 0 0 0 183 27 508 0 0 0 67251 2534 263406 0 0 0 571 497 296 410 94 1094
609 23 1648 0 0 0 781715 11538 2203694 0 0 0 291 27 718 0 0 0 73026 2536 263506 0 0 0 560 486 308 413 94 1094
616 25 1646 0 0 0 782642 11743 2203374 0 0 0 303 29 716 0 0 0 88286 2820 273239 0 0 0 531 459 321 478 96 1105
596 24 1641 0 0 0 756540 11585 2196243 0 0 0 294 28 713 0 0 0 87769 2642 273363 0 0 0 513 434 311 476 96 1106
591 24 1642 1 3 0 755494 11211 2196593 1 3 0 285 28 714 1 3 0 44813 2598 121124 1 3 0 498 427 319 281 94 568
562 22 1628 7 1 0 723199 10173 2176226 7 1 0 268 25 709 7 1 0 33237 2415 92508 7 1 0 420 361 352 198 94 322
23 19 35 11 1 0 7374 7566 7732 11 1 0 30 21 70 12 1 0 19231 2063 86697 12 1 0 264 271 196 184 93 298
22 6 107 19 1 0 16870 444 142817 19 1 0 18 6 52 20 1 0 3705 501 13863 20 1 0 217 128 229 110 90 165
19 3 107 25 1 1 15412 261 142928 25 1 1 15 3 52 25 1 1 4917 293 16804 25 1 1 151 56 206 139 64 256
81 2 342 28 1 1 87749 179 447244 28 1 1 61 2 221 28 1 1 53557 162 261557 28 1 1 135 52 270 234 52 596
85 2 342 28 1 1 88758 201 447149 28 1 1 72 2 233 29 1 1 90437 158 376104 29 1 1 146 52 282 316 52 769
109 5 347 24 1 1 100126 349 447070 24 1 1 103 3 255 24 1 1 186998 312 760292 24 1 1 200 65 328 477 78 1061
102 6 332 16 1 1 88262 584 426010 16 1 1 102 6 250 16 1 1 187024 611 760281 16 1 1 203 88 299 482 85 1058
113 16 330 11 1 0 91649 2747 425376 11 1 0 113 16 247 12 1 0 186432 2983 760358 12 1 0 244 168 291 448 88 1048
58 20 113 6 1 0 27673 4561 112256 6 1 0 68 23 140 7 1 0 136137 4057 723339 7 1 0 238 211 229 337 88 920
76 22 274 0 0 0 54975 4648 358325 0 0 0 66 23 152 1 1 0 100378 4057 673334 1 1 0 248 218 226 270 88 784
54 11 265 0 0 0 43877 1276 356969 0 0 0 36 12 102 0 0 0 3864 1040 7813 0 0 0 201 168 169 112 86 117
52 11 265 0 0 0 43459 1077 357008 0 0 0 35 12 102 0 0 0 3949 1061 8056 0 0 0 200 145 173 117 87 125
44 11 266 0 0 0 41684 1077 357148 0 0 0 27 12 101 0 0 0 3041 1061 7614 0 0 0 234 145 210 116 88 124
35 15 254 0 0 0 33524 2074 342174 0 0 0 24 17 99 0 0 0 2804 1769 7522 0 0 0 293 190 228 116 91 121
15 17 9 0 0 0 6374 7302 5785 0 0 0 17 20 9 0 0 0 1921 1976 2649 0 0 0 328 289 218 100 91 65
200 18 900 0 0 0 253170 10041 1205007 0 0 0 88 21 344 0 0 0 6324 2090 18777 0 0 0 403 427 296 116 92 105
202 19 899 1 1 0 255542 9690 1204886 1 1 0 88 21 344 0 0 0 6881 2099 19120 0 0 0 410 417 302 130 92 143
210 17 899 1 1 0 255036 3479 1205001 1 1 0 101 19 349 1 1 0 31945 2022 141680 1 1 0 343 193 314 212 92 350
209 9 900 2 1 0 253211 1228 1205377 2 1 0 101 10 350 3 1 0 43858 1012 163050 3 1 0 263 134 305 300 88 609
208 9 900 2 1 0 252202 1046 1205583 2 1 0 100 9 350 3 1 0 44070 822 163041 3 1 0 218 117 292 309 83 614
23 8 59 3 1 0 5277 914 30619 3 1 0 29 9 78 5 1 0 40819 777 163143 5 1 0 144 116 125 312 79 639
23 8 61 2 1 0 5548 845 35071 2 1 0 28 8 78 5 1 0 40242 692 163224 5 1 0 143 113 120 296 79 635
724 8 2164 2 1 0 953376 845 2890310 2 1 0 344 8 1001 4 1 0 33927 655 99683 4 1 0 262 116 376 219 76 578
742 8 2169 2 1 0 980678 798 2897315 2 1 0 348 8 1003 3 1 0 22145 661 56623 3 1 0 272 116 394 129 76 269
743 8 2169 2 1 0 981698 819 2896972 2 1 0 349 8 1003 3 1 0 21896 672 56577 3 1 0 318 133 399 118 76 250
746 11 2168 1 1 0 983485 1438 2896370 1 1 0 353 11 1002 1 1 0 21115 1440 55647 1 1 0 379 192 393 101 82 149
747 18 2168 1 1 0 982490 9492 2896501 1 1 0 355 21 1001 1 1 0 21192 2084 55577 1 1 0 447 402 373 99 90 146
40 16 234 5 1 0 40129 7130 313903 5 1 0 26 18 95 6 1 0 2539 1918 6114 6 1 0 337 292 255 111 92 135
18 16 61 9 2 1 12435 6697 81494 9 2 1 17 17 26 11 1 1 1981 1808 3883 11 1 1 308 276 241 104 91 138
16 5 61 15 2 1 11208 784 81588 15 2 1 14 5 27 18 1 1 1706 534 3928 18 1 1 251 167 241 98 90 143
265 2 1256 20 2 2 348377 195 1679769 20 2 2 119 2 544 21 2 2 7205 160 29185 21 2 2 232 79 329 97 59 169
456 2 1575 24 2 1 605249 156 2105063 24 2 1 198 1 679 25 1 1 11865 108 36881 25 1 1 213 63 386 113 52 205
450 2 1575 27 2 1 598409 104 2105419 27 2 1 195 1 679 26 2 2 11535 77 36833 26 2 2 193 52 376 100 52 184
450 1 1575 25 2 2 598492 104 2105395 25 2 2 195 1 679 24 2 2 11639 77 36806 24 2 2 195 52 376 107 52 190
470 2 1574 22 2 1 603579 245 2104098 22 2 1 222 2 689 20 2 2 71843 184 414405 20 2 2 239 76 384 270 53 570
217 2 1004 24 1 1 264994 215 1336076 24 1 1 112 2 449 24 1 1 66221 158 414280 24 1 1 210 74 323 283 54 572
25 2 124 28 1 1 6575 124 25219 28 1 1 31 1 153 29 2 1 63238 104 414335 29 2 1 143 52 210 274 52 575
37 2 133 27 1 1 9978 249 29550 27 1 1 48 2 170 26 1 1 115868 208 485117 26 1 1 169 72 221 479 62 1012
53 3 223 28 1 0 29866 337 242557 28 1 0 56 3 180 27 1 1 120164 276 486348 27 1 1 184 79 241 508 80 1026
34 2 188 29 1 0 24995 158 241764 29 1 0 31 2 101 29 1 1 60787 156 268175 29 1 1 145 52 218 367 52 924
34 2 188 26 1 0 24515 200 241785 26 1 0 31 2 101 28 1 1 60882 199 268177 28 1 1 122 52 170 362 52 922
45 3 220 23 1 0 37683 283 284373 23 1 0 39 3 120 26 1 0 75047 276 298203 26 1 0 148 64 200 427 65 978
34 3 215 25 1 0 34205 169 284295 25 1 0 22 2 93 30 1 0 22242 156 144802 30 1 0 119 52 182 213 52 486
18 2 117 27 1 0 14346 157 151774 27 1 0 15 2 70 33 1 0 18248 156 137601 33 1 0 108 52 154 196 52 445
40 3 182 24 1 0 17086 282 152481 24 1 0 49 3 231 29 1 0 66228 301 299917 29 1 0 113 70 147 396 70 629
45 11 181 19 1 0 17456 1390 152448 19 1 0 55 9 230 22 1 0 74074 2209 299235 22 1 0 114 78 142 602 273 683
33 10 141 21 1 0 4157 948 17110 21 1 0 46 9 221 24 1 0 60341 2285 268917 24 1 0 96 75 90 593 303 623
33 8 141 21 1 0 4135 879 17113 21 1 0 46 7 221 24 1 0 60316 2285 268922 24 1 0 97 71 94 601 310 623
33 8 141 19 1 0 4190 879 17111 19 1 0 46 9 221 22 1 0 60198 2168 268934 22 1 0 98 75 98 591 295 624
52 9 149 19 1 0 29784 884 129116 19 1 0 61 8 155 22 1 0 122515 2065 608111 22 1 0 179 82 255 580 224 857
157 6 572 19 1 0 175446 479 754864 19 1 0 112 6 322 22 1 0 117430 471 608742 22 1 0 235 95 338 367 77 807
190 8 612 13 1 1 206105 963 807234 13 1 1 141 8 345 14 1 0 153268 811 658400 14 1 0 272 133 355 382 84 830
196 13 610 6 1 1 208481 2027 806716 6 1 1 148 14 343 7 1 0 166121 2112 659284 7 1 0 305 151 348 533 106 953
198 15 610 0 0 0 208851 2314 806625 0 0 0 149 17 343 1 1 0 168651 2578 658796 1 1 0 316 153 340 626 124 1025
157 10 601 1 1 0 180492 1182 802580 1 1 0 101 10 320 2 1 0 57684 1008 274145 2 1 0 240 134 286 421 89 766
49 11 239 1 1 0 35661 1337 304000 1 1 0 47 12 147 2 1 0 54904 1277 274250 2 1 0 223 141 199 424 94 764
454 13 1477 1 1 0 588245 1474 1973154 1 1 0 222 15 684 2 1 0 27992 1826 78855 2 1 0 334 169 359 344 89 717
453 18 1477 1 1 0 588446 7476 1973066 1 1 0 222 20 684 2 1 0 16556 2126 39204 2 1 0 384 304 352 200 89 486
456 21 1476 1 1 0 589645 9744 1972710 1 1 0 224 23 683 1 1 0 14457 2301 37461 1 1 0 431 368 334 111 92 108
465 23 1474 0 0 0 591787 10949 1972080 0 0 0 238 26 681 0 0 0 34326 2535 114862 0 0 0 462 387 314 192 94 397
477 25 1472 0 0 0 599847 11161 1971398 0 0 0 253 28 683 0 0 0 53923 2772 168347 0 0 0 478 384 311 261 95 493
64 23 278 0 0 0 47894 10466 370829 0 0 0 60 27 135 0 0 0 43585 2524 166915 0 0 0 393 363 176 265 96 492
63 23 279 0 0 0 47163 9610 370899 0 0 0 60 27 135 0 0 0 46232 2475 168909 0 0 0 377 347 178 286 96 546
63 23 279 0 0 0 47440 10463 370870 0 0 0 59 27 135 0 0 0 45991 2451 168949 0 0 0 394 356 185 283 96 546
57 22 278 0 0 0 47812 10805 370906 0 0 0 49 25 128 0 0 0 26470 2405 131150 0 0 0 437 432 187 202 95 406
50 22 270 0 0 0 41146 10946 362325 0 0 0 43 26 100 0 0 0 18886 2405 99632 0 0 0 444 436 162 177 95 356
28 22 24 0 0 0 11526 10822 9708 0 0 0 35 25 48 0 0 0 18275 2373 99604 0 0 0 440 441 138 174 95 355
30 22 37 0 0 0 15208 11006 41435 0 0 0 35 26 49 0 0 0 15068 2401 95133 0 0 0 461 452 144 151 95 243
