5 0 22 13 9 6 46595 0 269600 13 9 6 19 0 104 13 9 7 2145 0 12759 13 9 7 463 0 2384 55 0 237
6 0 25 16 7 6 71503 0 359202 16 7 6 27 0 129 16 7 6 2820 0 13585 16 7 6 758 0 3307 79 0 305
3 0 15 17 7 6 36081 0 275074 17 7 6 13 0 91 17 7 6 2025 0 12818 17 7 6 439 0 2684 68 0 295
1 0 12 15 8 6 24938 0 242201 15 8 6 8 0 78 15 8 6 708 0 4965 15 8 6 299 0 2350 29 0 198
1 0 12 16 8 6 24939 0 242201 16 8 6 8 0 78 16 8 6 709 0 4965 16 8 6 299 0 2350 29 0 198
1 0 12 15 8 7 24939 0 242201 15 8 7 8 0 78 15 8 7 709 0 4965 15 8 7 299 0 2350 29 0 198
0 0 3 13 10 7 30 0 166 13 10 7 0 0 3 13 10 7 32 0 184 13 10 7 4 0 14 4 0 14
0 0 3 12 11 9 26 0 158 12 11 9 0 0 3 12 11 9 28 0 178 12 11 9 4 0 14 4 0 14
3 0 31 14 9 8 12575 0 137192 14 9 8 6 0 56 14 9 8 1980 0 19486 14 9 8 195 0 1808 37 0 194
3 0 31 14 9 9 12582 0 137192 14 9 9 7 0 56 14 9 9 1988 0 19486 14 9 9 195 0 1808 37 0 194
3 0 31 15 8 10 12583 0 137191 15 8 10 7 0 56 15 8 10 1989 0 19486 15 8 10 196 0 1808 38 0 194
3 0 32 16 8 7 12590 0 137191 16 8 7 7 0 56 16 8 7 1997 0 19485 16 8 7 196 0 1808 38 0 194
4 0 32 16 8 8 12602 0 137190 16 8 8 7 0 56 16 8 8 2009 0 19485 16 8 8 196 0 1808 38 0 194
0 0 5 15 9 8 43 0 262 15 9 8 0 0 5 15 9 8 43 0 262 15 9 8 5 0 15 5 0 15
0 0 5 16 8 9 42 0 261 16 8 9 0 0 5 16 8 9 42 0 261 16 8 9 5 0 16 5 0 15
1 0 5 16 8 10 54 0 301 16 8 10 1 0 5 16 8 10 53 0 301 16 8 10 5 0 15 5 0 15
1 0 7 17 7 10 68 0 401 17 7 10 1 0 7 17 7 10 75 0 465 17 7 10 6 0 16 5 0 16
1 0 7 16 8 12 67 0 398 16 8 12 1 0 7 16 8 12 75 0 462 16 8 12 6 0 16 5 0 16
1 0 7 15 8 11 67 0 398 15 8 11 1 0 7 15 9 11 75 0 462 15 9 11 5 0 16 5 0 16
1 0 7 14 9 11 67 0 398 14 9 11 1 0 7 14 9 11 72 0 452 14 9 11 5 0 16 4 0 15
1 0 7 12 11 14 55 0 370 12 11 14 1 0 7 12 11 14 59 0 428 12 11 14 4 0 15 4 0 14
0 0 4 7 20 23 27 0 209 7 20 23 0 0 4 7 20 23 23 0 185 7 20 23 2 0 10 2 0 9
0 0 2 5 29 37 14 0 152 5 29 37 0 0 2 5 29 37 11 0 117 5 29 37 1 0 8 1 0 6
1 0 8 5 28 46 12259 0 141309 5 28 46 5 0 52 5 28 46 1132 0 10803 5 28 46 207 0 2137 17 0 161
1 0 7 3 48 45 12246 0 141310 3 48 45 4 0 52 3 48 45 1123 0 10803 3 48 45 206 0 2137 16 0 161
1 0 9 6 23 26 22668 0 189456 6 23 26 8 0 66 6 23 26 1301 0 10999 6 23 26 337 0 2653 18 0 161
1 0 10 8 17 15 22692 0 189453 8 17 15 8 0 66 8 17 15 1420 0 11072 8 17 15 346 0 2654 32 0 202
1 0 10 11 12 7 22698 0 189453 11 12 7 8 0 66 11 12 7 1434 0 11071 11 12 7 348 0 2653 37 0 207
1 0 11 12 11 7 39167 0 285343 12 11 7 13 0 98 12 11 7 1073 0 6033 12 11 7 502 0 3547 33 0 171
2 0 12 13 10 7 46636 0 298488 13 10 7 16 0 102 13 10 7 1315 0 6350 13 10 7 624 0 3822 40 0 190
1 0 10 11 12 9 36215 0 271421 11 12 9 12 0 95 11 12 9 1138 0 6004 11 12 9 493 0 3494 39 0 190
1 0 10 11 12 9 36191 0 271424 11 12 9 12 0 95 11 12 9 1019 0 5862 11 12 9 485 0 3494 25 0 147
1 0 10 12 11 10 36187 0 271424 12 11 10 12 0 95 12 11 10 1007 0 5862 12 11 10 484 0 3494 22 0 139
1 0 9 11 12 9 26511 0 246173 11 12 9 8 0 79 11 12 9 774 0 4928 11 12 9 340 0 2689 30 0 183
0 0 8 11 12 9 19042 0 229404 11 12 9 6 0 73 11 12 9 532 0 4483 11 12 9 220 0 2266 24 0 162
1 0 12 12 11 10 45548 0 324902 12 11 10 13 0 98 12 11 10 940 0 5676 12 11 10 655 0 4529 24 0 162
1 0 12 12 11 11 45548 0 324902 12 11 11 13 0 98 12 11 11 940 0 5676 12 11 11 655 0 4529 24 0 162
1 0 12 9 15 15 45547 0 324902 9 15 15 13 0 98 9 15 15 939 0 5677 9 15 15 654 0 4529 23 0 162
1 0 9 9 15 15 26509 0 232259 9 15 15 7 0 66 9 15 15 411 0 3543 9 15 15 438 0 3945 3 0 12
1 0 9 9 15 18 26508 0 232259 9 15 18 7 0 66 9 15 18 410 0 3543 9 15 18 437 0 3945 3 0 12
0 0 0 7 20 18 2 0 10 7 20 18 0 0 0 7 20 18 2 0 10 7 20 18 2 0 10 2 0 10
0 0 10 9 15 17 22446 0 273950 9 15 17 6 0 81 9 15 17 362 0 4315 9 15 17 181 0 2173 8 0 65
1 0 10 11 12 15 22494 0 273946 11 12 15 7 0 81 11 12 15 1023 0 8764 11 12 15 185 0 2173 29 0 182
1 0 10 12 11 12 22495 0 273946 12 11 12 7 0 81 12 11 12 1024 0 8763 12 11 12 185 0 2173 30 0 182
1 0 10 12 11 11 22495 0 273946 12 11 11 7 0 81 12 11 11 1024 0 8763 12 11 11 185 0 2173 30 0 182
1 0 10 13 10 9 22496 0 273946 13 10 9 7 0 81 13 10 9 1024 0 8763 13 10 9 186 0 2173 30 0 182
0 0 3 12 11 10 51 0 428 12 11 10 0 0 4 12 11 10 665 0 7659 12 11 10 7 0 30 24 0 171
0 0 0 11 12 10 3 0 15 11 12 10 0 0 0 11 12 10 4 0 18 11 12 10 3 0 13 3 0 12
0 0 0 9 15 9 2 0 11 9 15 9 0 0 0 9 15 9 2 0 11 9 15 9 2 0 11 2 0 11
0 0 0 9 15 10 3 0 14 9 15 10 0 0 0 9 15 10 3 0 17 9 15 10 3 0 12 2 0 11
0 0 0 10 14 9 4 0 16 10 14 9 0 0 0 9 15 8 4 0 22 9 15 8 3 0 13 2 0 11
0 0 4 9 15 9 3243 0 38855 9 15 9 1 0 14 8 17 8 391 0 3721 8 17 8 84 0 925 14 0 110
0 0 4 10 13 12 3244 0 38855 10 13 12 1 0 14 9 15 12 391 0 3721 9 15 12 84 0 925 14 0 110
0 0 4 9 15 12 3243 0 38855 9 15 12 1 0 14 8 17 11 391 0 3721 8 17 11 84 0 925 14 0 110
0 0 4 9 15 14 3242 0 38855 9 15 14 1 0 14 8 17 13 390 0 3721 8 17 13 83 0 925 14 0 110
0 0 4 9 15 16 3242 0 38855 9 15 16 1 0 14 9 15 16 390 0 3721 9 15 16 83 0 925 14 0 110
0 0 0 7 20 14 2 0 10 7 20 14 0 0 0 7 20 14 2 0 10 7 20 14 2 0 10 2 0 10
0 0 0 7 20 15 2 0 10 7 20 15 0 0 0 7 20 15 2 0 10 7 20 15 2 0 10 2 0 10
0 0 0 9 15 15 2 0 11 9 15 15 0 0 0 9 15 15 2 0 11 9 15 15 2 0 11 2 0 11
0 0 5 11 12 13 6518 0 56236 11 12 13 2 0 22 11 12 13 677 0 6501 11 12 13 197 0 1706 20 0 151
0 0 5 9 15 15 6518 0 56236 9 15 15 2 0 22 9 15 15 677 0 6501 9 15 15 196 0 1706 19 0 151
0 0 5 11 12 12 6518 0 56236 11 12 12 2 0 22 11 12 12 677 0 6501 11 12 12 197 0 1706 20 0 151
0 0 5 11 12 13 6518 0 56236 11 12 13 2 0 22 11 12 13 677 0 6501 11 12 13 197 0 1706 20 0 151
1 0 10 10 13 15 20108 0 155220 10 13 15 7 0 53 10 13 15 913 0 6980 10 13 15 379 0 2341 20 0 151
0 0 8 7 20 14 13599 0 145285 7 20 14 4 0 48 7 20 14 256 0 2609 7 20 14 186 0 1625 8 0 77
0 0 8 9 15 14 13600 0 145285 9 15 14 4 0 48 9 15 14 257 0 2609 9 15 14 187 0 1625 9 0 77
1 0 14 9 15 12 13741 0 145282 9 15 12 5 0 50 9 15 12 1871 0 19858 9 15 12 188 0 1625 19 0 148
2 0 14 10 14 11 13746 0 145281 10 14 11 5 0 50 10 14 11 1876 0 19858 10 14 11 188 0 1625 19 0 148
1 0 12 11 12 11 158 0 1735 11 12 11 1 0 12 11 12 11 1641 0 19706 11 12 11 6 0 36 19 0 148
1 0 12 12 11 8 152 0 1733 12 11 8 1 0 12 12 11 8 1625 0 19706 12 11 8 4 0 17 13 0 127
1 0 12 12 11 8 155 0 1733 12 11 8 1 0 12 12 11 9 1628 0 19706 12 11 9 4 0 17 13 0 127
0 0 1 12 11 8 14 0 63 12 11 8 0 0 1 12 11 8 15 0 67 12 11 8 3 0 13 3 0 13
0 0 1 10 14 8 11 0 56 10 14 8 0 0 1 10 14 8 11 0 56 10 14 8 3 0 12 3 0 12
0 0 1 10 14 10 12 0 61 10 14 10 0 0 1 10 14 10 12 0 60 10 14 10 3 0 12 3 0 12
0 0 1 9 15 11 15 0 80 9 15 11 0 0 1 9 15 11 16 0 93 9 15 11 3 0 12 3 0 12
0 0 1 9 15 9 13 0 78 9 15 9 0 0 1 9 15 9 15 0 92 9 15 9 2 0 11 2 0 12
0 0 1 7 20 14 12 0 78 7 20 14 0 0 1 7 20 14 14 0 92 7 20 14 2 0 10 2 0 10
0 0 1 7 20 12 12 0 78 7 20 12 0 0 1 7 20 12 13 0 90 7 20 12 2 0 10 1 0 9
0 0 1 5 29 19 10 0 73 5 29 19 0 0 1 5 29 19 10 0 85 5 29 19 1 0 8 1 0 8
0 0 0 3 49 28 4 0 41 3 49 28 0 0 0 3 49 28 4 0 37 3 49 28 0 0 5 0 0 5
0 0 0 2 74 41 2 0 29 2 74 41 0 0 0 2 74 41 1 0 22 2 74 41 0 0 4 0 0 3
0 0 0 2 74 71 2 0 29 2 74 71 0 0 0 2 74 71 1 0 22 2 74 71 0 0 4 0 0 3
0 0 0 1 150 0 0 0 0 1 150 0 0 0 0 1 150 0 0 0 0 1 150 0 0 0 0 0 0 0
0 0 0 1 150 0 0 0 0 1 150 0 0 0 0 1 150 0 0 0 0 1 150 0 0 0 0 0 0 0
0 0 0 1 150 0 0 0 0 1 150 0 0 0 0 1 150 0 0 0 0 1 150 0 0 0 0 0 0 0
0 0 0 1 150 0 0 0 0 1 150 0 0 0 0 1 150 0 0 0 0 1 150 0 0 0 0 0 0 0
0 0 0 1 150 0 0 0 0 1 150 0 0 0 0 1 150 0 0 0 0 1 150 0 0 0 0 0 0 0
0 0 1 1 149 0 563 0 6879 1 149 0 0 0 1 1 149 0 13 0 170 1 149 0 24 0 299 0 0 8
1 0 6 4 36 48 7146 0 79708 4 36 48 3 0 30 4 36 48 1168 0 9175 4 36 48 144 0 1447 32 0 233
1 0 6 7 20 29 7149 0 79708 7 20 29 3 0 30 7 20 29 1171 0 9174 7 20 29 145 0 1447 34 0 233
1 0 6 8 17 18 7149 0 79708 8 17 18 3 0 30 8 17 18 1171 0 9174 8 17 18 146 0 1447 34 0 233
1 0 6 10 13 10 7150 0 79708 10 13 10 3 0 30 10 13 10 1172 0 9174 10 13 10 146 0 1447 35 0 233
1 0 6 12 11 10 6589 0 79457 12 11 10 3 0 30 12 11 10 1160 0 9174 12 11 10 123 0 1418 35 0 233
0 0 0 10 14 11 6 0 26 10 14 11 0 0 0 10 14 11 6 0 29 10 14 11 3 0 13 3 0 13
0 0 0 9 15 10 4 0 23 9 15 10 0 0 0 9 15 10 4 0 23 9 15 10 2 0 11 2 0 11
0 0 0 9 15 12 5 0 26 9 15 12 0 0 0 9 15 12 5 0 26 9 15 12 3 0 12 3 0 12
1 0 6 12 11 10 11105 0 131788 12 11 10 4 0 49 12 11 10 503 0 4020 12 11 10 164 0 1763 16 0 118
2 0 16 11 12 11 46440 0 443012 11 12 11 16 0 154 11 12 11 1533 0 9698 11 12 11 395 0 2885 36 0 210
2 0 16 12 11 10 46441 0 443011 12 11 10 16 0 154 12 11 10 1534 0 9698 12 11 10 396 0 2885 36 0 210
