0 0 1 115 0 115
0 0 3 237 0 79
0 0 2 325 0 162
16 17601 14 6647 1100 474
1 52 6 584 52 97
0 0 1 91 0 91
0 0 3 258 0 86
0 0 0 0 0 0
0 0 1 91 0 91
0 0 0 0 0 0
0 0 2 230 0 115
2 104 2 104 52 52
0 0 1 154 0 154
0 0 0 0 0 0
0 0 0 0 0 0
0 0 0 0 0 0
0 0 0 0 0 0
0 0 1 133 0 133
0 0 1 115 0 115
0 0 0 0 0 0
0 0 1 154 0 154
0 0 0 0 0 0
0 0 0 0 0 0
0 0 0 0 0 0
0 0 0 0 0 0
1 52 1 115 52 115
1 52 2 104 52 52
0 0 0 0 0 0
0 0 0 0 0 0
0 0 0 0 0 0
0 0 0 0 0 0
0 0 0 0 0 0
0 0 6 399 0 66
0 0 3 204 0 68
0 0 7 577 0 82
0 0 1 115 0 115
1 60 7 577 60 82
6 2384 10 5450 397 545
1 52 14 1209 52 86
2 128 6 989 64 164
0 0 4 421 0 105
1 52 2 167 52 83
29 6039 34 41588 208 1223
19 3864 25 4835 203 193
0 0 1 115 0 115
100 7269 106 233388 72 2201
0 0 1 115 0 115
0 0 0 0 0 0
0 0 2 191 0 95
1 52 1 52 52 52
0 0 2 230 0 115
0 0 2 325 0 162
0 0 0 0 0 0
0 0 0 0 0 0
0 0 2 230 0 115
0 0 0 0 0 0
1 52 1 52 52 52
0 0 0 0 0 0
0 0 2 230 0 115
0 0 0 0 0 0
0 0 0 0 0 0
0 0 0 0 0 0
0 0 0 0 0 0
0 0 1 115 0 115
0 0 1 76 0 76
0 0 0 0 0 0
0 0 1 115 0 115
0 0 2 80 0 40
2 807 0 0 403 0
24 4675 20 12396 194 619
25 2781 32 40068 111 1252
5 248 7 5853 49 836
0 0 0 0 0 0
0 0 1 115 0 115
0 0 2 143 0 71
0 0 1 91 0 91
0 0 0 0 0 0
0 0 0 0 0 0
0 0 0 0 0 0
0 0 1 91 0 91
0 0 1 115 0 115
0 0 0 0 0 0
0 0 0 0 0 0
0 0 0 0 0 0
0 0 0 0 0 0
0 0 0 0 0 0
0 0 0 0 0 0
0 0 1 91 0 91
0 0 1 115 0 115
0 0 0 0 0 0
0 0 2 173 0 86
1 52 2 92 52 46
0 0 0 0 0 0
0 0 0 0 0 0
0 0 0 0 0 0
1 52 3 195 52 65
0 0 1 91 0 91
0 0 0 0 0 0
0 0 2 167 0 83
0 0 1 115 0 115
9 5876 6 734 652 122
0 0 1 91 0 91
0 0 0 0 0 0
0 0 1 91 0 91
0 0 1 115 0 115
0 0 0 0 0 0
0 0 0 0 0 0
0 0 0 0 0 0
0 0 1 91 0 91
0 0 1 115 0 115
2 104 5 386 52 77
0 0 0 0 0 0
0 0 0 0 0 0
0 0 0 0 0 0
0 0 0 0 0 0
0 0 0 0 0 0
7 364 7 364 52 52
0 0 0 0 0 0
0 0 0 0 0 0
0 0 1 91 0 91
0 0 0 0 0 0
0 0 5 443 0 88
0 0 1 52 0 52
0 0 0 0 0 0
0 0 1 133 0 133
0 0 0 0 0 0
0 0 0 0 0 0
0 0 1 133 0 133
0 0 0 0 0 0
0 0 0 0 0 0
0 0 0 0 0 0
0 0 0 0 0 0
0 0 0 0 0 0
0 0 1 133 0 133
0 0 1 91 0 91
0 0 0 0 0 0
0 0 0 0 0 0
0 0 1 115 0 115
0 0 0 0 0 0
0 0 0 0 0 0
0 0 0 0 0 0
6 886 6 3147 147 524
0 0 0 0 0 0
49 7954 48 42062 162 876
3 293 4 692 97 173
12 1745 14 21837 145 1559
27 1404 30 165494 52 5516
0 0 0 0 0 0
0 0 1 91 0 91
0 0 0 0 0 0
0 0 0 0 0 0
0 0 0 0 0 0
0 0 0 0 0 0
0 0 0 0 0 0
0 0 0 0 0 0
0 0 0 0 0 0
0 0 0 0 0 0
0 0 0 0 0 0
0 0 0 0 0 0
0 0 0 0 0 0
0 0 0 0 0 0
1 52 1 52 52 52
2 116 3 180 58 60
0 0 0 0 0 0
0 0 0 0 0 0
0 0 0 0 0 0
0 0 1 91 0 91
0 0 0 0 0 0
0 0 0 0 0 0
0 0 0 0 0 0
0 0 0 0 0 0
0 0 1 133 0 133
0 0 0 0 0 0
6 1611 3 425 268 141
1 52 2 258 52 129
0 0 0 0 0 0
0 0 1 125 0 125
0 0 1 125 0 125
0 0 1 125 0 125
0 0 0 0 0 0
0 0 0 0 0 0
0 0 1 108 0 108
0 0 1 181 0 181
0 0 0 0 0 0
0 0 1 133 0 133
0 0 0 0 0 0
0 0 0 0 0 0
0 0 0 0 0 0
0 0 1 181 0 181
5 260 5 260 52 52
0 0 0 0 0 0
1 52 1 52 52 52
0 0 0 0 0 0
0 0 0 0 0 0
0 0 0 0 0 0
0 0 0 0 0 0
0 0 0 0 0 0
0 0 0 0 0 0
0 0 0 0 0 0
0 0 0 0 0 0
0 0 0 0 0 0
0 0 1 181 0 181
0 0 1 40 0 40
0 0 0 0 0 0
0 0 0 0 0 0
0 0 0 0 0 0
1 52 1 52 52 52
0 0 0 0 0 0
1 52 1 52 52 52
0 0 0 0 0 0
0 0 0 0 0 0
0 0 0 0 0 0
0 0 3 195 0 65
0 0 9 663 0 73
0 0 9 741 0 82
0 0 6 468 0 78
0 0 7 559 0 79
0 0 5 455 0 91
0 0 1 91 0 91
0 0 1 91 0 91
1 52 2 185 52 92
0 0 1 91 0 91
0 0 0 0 0 0
0 0 0 0 0 0
0 0 0 0 0 0
0 0 0 0 0 0
0 0 2 272 0 136
0 0 0 0 0 0
0 0 0 0 0 0
0 0 0 0 0 0
0 0 0 0 0 0
0 0 0 0 0 0
0 0 0 0 0 0
0 0 0 0 0 0
5 260 5 260 52 52
3 736 3 195 245 65
2 116 2 2904 58 1452
0 0 0 0 0 0
0 0 0 0 0 0
0 0 0 0 0 0
0 0 0 0 0 0
0 0 0 0 0 0
0 0 0 0 0 0
0 0 0 0 0 0
0 0 0 0 0 0
0 0 0 0 0 0
0 0 0 0 0 0
0 0 0 0 0 0
0 0 0 0 0 0
0 0 0 0 0 0
0 0 0 0 0 0
1 52 1 52 52 52
0 0 0 0 0 0
1 52 1 40 52 40
0 0 0 0 0 0
0 0 0 0 0 0
0 0 0 0 0 0
0 0 0 0 0 0
0 0 0 0 0 0
0 0 0 0 0 0
0 0 0 0 0 0
0 0 0 0 0 0
0 0 0 0 0 0
21 3993 16 13717 190 857
0 0 0 0 0 0
13 3330 9 7383 256 820
1 52 1 52 52 52
0 0 0 0 0 0
0 0 0 0 0 0
2 660 0 0 330 0
2 104 3 2239 52 746
0 0 0 0 0 0
0 0 0 0 0 0
6 1741 4 3012 290 753
56 9098 54 47002 162 870
2 116 3 3178 58 1059
0 0 0 0 0 0
0 0 0 0 0 0
0 0 0 0 0 0
0 0 0 0 0 0
0 0 0 0 0 0
0 0 0 0 0 0
0 0 0 0 0 0
0 0 0 0 0 0
0 0 0 0 0 0
0 0 0 0 0 0
0 0 1 40 0 40
0 0 0 0 0 0
0 0 0 0 0 0
0 0 0 0 0 0
0 0 0 0 0 0
0 0 0 0 0 0
7 1704 6 2394 243 399
9 1670 9 6094 185 677
24 4115 25 41121 171 1644
10 696 12 5403 69 450
1 52 1 52 52 52
0 0 0 0 0 0
0 0 0 0 0 0
37 6536 31 65194 176 2103
14 3119 10 10270 222 1027
25 6268 27 30624 250 1134
185 14043 202 1443967 75 7148
39 4461 41 163401 114 3985
0 0 0 0 0 0
0 0 1 133 0 133
0 0 0 0 0 0
0 0 0 0 0 0
2 104 2 104 52 52
0 0 0 0 0 0
0 0 0 0 0 0
155 12688 168 500402 81 2978
2 104 2 104 52 52
2 116 3 180 58 60
0 0 0 0 0 0
0 0 0 0 0 0
0 0 0 0 0 0
0 0 0 0 0 0
0 0 1 133 0 133
0 0 0 0 0 0
4 208 4 208 52 52
0 0 0 0 0 0
0 0 0 0 0 0
0 0 0 0 0 0
6 3037 3 424 506 141
1 52 2 258 52 129
0 0 0 0 0 0
0 0 0 0 0 0
0 0 0 0 0 0
0 0 0 0 0 0
0 0 0 0 0 0
0 0 0 0 0 0
0 0 0 0 0 0
0 0 0 0 0 0
0 0 0 0 0 0
0 0 3 195 0 65
0 0 0 0 0 0
0 0 1 91 0 91
0 0 0 0 0 0
0 0 0 0 0 0
0 0 0 0 0 0
1 52 1 52 52 52
0 0 0 0 0 0
0 0 0 0 0 0
0 0 0 0 0 0
2 104 2 104 52 52
0 0 0 0 0 0
5 260 5 260 52 52
0 0 0 0 0 0
1 52 1 52 52 52
0 0 0 0 0 0
0 0 0 0 0 0
4 818 3 2239 204 746
5 1006 4 3006 201 751
0 0 0 0 0 0
8 1565 6 4399 195 733
3 507 2 2150 169 1075
7 1415 5 2304 202 460
1 52 1 2097 52 2097
33 6692 28 3339 202 119
18 2115 25 41335 117 1653
0 0 0 0 0 0
12 624 12 21711 52 1809
44 3299 45 271732 74 6038
0 0 0 0 0 0
0 0 0 0 0 0
0 0 0 0 0 0
0 0 0 0 0 0
0 0 0 0 0 0
0 0 0 0 0 0
1 52 1 52 52 52
0 0 0 0 0 0
0 0 0 0 0 0
0 0 0 0 0 0
0 0 0 0 0 0
0 0 0 0 0 0
0 0 0 0 0 0
0 0 0 0 0 0
2 104 2 128 52 64
0 0 0 0 0 0
0 0 0 0 0 0
0 0 0 0 0 0
0 0 0 0 0 0
0 0 0 0 0 0
0 0 0 0 0 0
0 0 0 0 0 0
5 814 5 2340 162 468
2 919 1 52 459 52
2 116 2 2900 58 1450
4 895 3 2958 223 986
11 2977 7 786 270 112
2 116 2 2900 58 1450
3 156 4 196 52 49
6 1626 4 4296 271 1074
0 0 0 0 0 0
10 2000 9 2590 200 287
2 116 2 2906 58 1453
3 513 2 2149 171 1074
29 5525 32 42306 190 1322
3 156 4 4607 52 1151
0 0 0 0 0 0
0 0 0 0 0 0
25 3945 27 38707 157 1433
25 4054 27 19022 162 704
2 104 2 104 52 52
0 0 0 0 0 0
1 52 1 52 52 52
0 0 0 0 0 0
0 0 0 0 0 0
0 0 0 0 0 0
0 0 0 0 0 0
0 0 0 0 0 0
0 0 0 0 0 0
0 0 0 0 0 0
0 0 0 0 0 0
0 0 0 0 0 0
0 0 0 0 0 0
2 116 3 180 58 60
0 0 0 0 0 0
0 0 0 0 0 0
57 9575 56 45215 167 807
4 208 7 10188 52 1455
0 0 0 0 0 0
0 0 0 0 0 0
0 0 0 0 0 0
0 0 0 0 0 0
0 0 0 0 0 0
0 0 0 0 0 0
0 0 0 0 0 0
0 0 0 0 0 0
2 104 2 104 52 52
1 52 1 52 52 52
0 0 0 0 0 0
2 104 2 104 52 52
0 0 0 0 0 0
1 52 1 52 52 52
10 1936 7 633 193 90
2 104 3 309 52 103
14 2191 15 37269 156 2484
19 3604 27 12874 189 476
0 0 0 0 0 0
1 52 1 52 52 52
7 1303 6 845 186 140
0 0 0 0 0 0
15 2939 17 37445 195 2202
13 2055 17 11958 158 703
0 0 0 0 0 0
1 52 1 52 52 52
0 0 0 0 0 0
17 2976 19 38229 175 2012
12 1884 18 13917 157 773
0 0 0 0 0 0
0 0 0 0 0 0
0 0 0 0 0 0
0 0 0 0 0 0
0 0 0 0 0 0
0 0 0 0 0 0
0 0 0 0 0 0
0 0 0 0 0 0
0 0 0 0 0 0
0 0 0 0 0 0
2 116 3 180 58 60
0 0 0 0 0 0
0 0 0 0 0 0
0 0 0 0 0 0
0 0 0 0 0 0
3 156 3 156 52 52
0 0 0 0 0 0
2 116 4 271 58 67
0 0 1 52 0 52
0 0 0 0 0 0
0 0 0 0 0 0
0 0 0 0 0 0
0 0 25 1612 0 64
0 0 5 380 0 76
0 0 6 456 0 76
1 52 1 52 52 52
0 0 6 456 0 76
0 0 0 0 0 0
6 1700 3 424 283 141
4 1451 5 453 362 90
0 0 3 228 0 76
9 503 15 17507 55 1167
0 0 0 0 0 0
0 0 0 0 0 0
0 0 0 0 0 0
1 52 1 52 52 52
0 0 0 0 0 0
0 0 0 0 0 0
0 0 1 76 0 76
0 0 5 380 0 76
0 0 0 0 0 0
46 7185 46 75421 156 1639
26 3657 28 17406 140 621
19 1318 20 59182 69 2959
0 0 0 0 0 0
23 2776 23 92622 120 4027
5 260 5 19472 52 3894
0 0 0 0 0 0
0 0 0 0 0 0
0 0 0 0 0 0
4 523 4 17463 130 4365
3 156 3 23120 52 7706
24 1712 27 194861 71 7217
0 0 0 0 0 0
0 0 0 0 0 0
0 0 0 0 0 0
0 0 0 0 0 0
0 0 0 0 0 0
2 216 0 0 108 0
5 984 5 684 196 136
2 116 3 180 58 60
0 0 0 0 0 0
0 0 0 0 0 0
32 3114 40 244292 97 6107
16 879 17 80097 54 4711
0 0 0 0 0 0
0 0 0 0 0 0
0 0 0 0 0 0
0 0 0 0 0 0
0 0 0 0 0 0
1 52 1 52 52 52
2 216 0 0 108 0
5 2263 5 682 452 136
0 0 0 0 0 0
0 0 0 0 0 0
0 0 0 0 0 0
1 52 1 52 52 52
0 0 0 0 0 0
35 6357 31 44345 181 1430
18 3180 21 21285 176 1013
3 350 4 358 116 89
0 0 0 0 0 0
0 0 0 0 0 0
0 0 0 0 0 0
0 0 0 0 0 0
0 0 0 0 0 0
3 156 0 0 52 0
0 0 3 156 0 52
0 0 0 0 0 0
0 0 0 0 0 0
0 0 0 0 0 0
2 104 2 177 52 88
0 0 0 0 0 0
0 0 0 0 0 0
0 0 1 125 0 125
0 0 1 125 0 125
0 0 1 125 0 125
2 116 3 180 58 60
0 0 0 0 0 0
0 0 2 289 0 144
0 0 0 0 0 0
30 6083 33 43743 202 1325
6 324 7 12466 54 1780
0 0 0 0 0 0
0 0 0 0 0 0
0 0 0 0 0 0
0 0 1 181 0 181
25 4307 23 2608 172 113
33 4347 33 106565 131 3229
7 364 9 39970 52 4441
0 0 0 0 0 0
1 52 1 52 52 52
0 0 0 0 0 0
12 2428 10 7188 202 718
7 989 7 25606 141 3658
9 2009 4 323 223 80
16 4694 15 14183 293 945
17 884 18 96213 52 5345
0 0 1 52 0 52
1 335 2 233 335 116
8 463 8 24158 57 3019
8 701 11 45755 87 4159
0 0 0 0 0 0
0 0 0 0 0 0
1 52 1 52 52 52
0 0 0 0 0 0
0 0 0 0 0 0
0 0 0 0 0 0
0 0 0 0 0 0
0 0 0 0 0 0
8 1707 7 897 213 128
39 6142 38 73614 157 1937
22 1464 28 136011 66 4857
11 572 16 76796 52 4799
0 0 1 141 0 141
0 0 0 0 0 0
0 0 1 141 0 141
0 0 0 0 0 0
1 118 0 0 118 0
4 1793 4 674 448 168
0 0 0 0 0 0
0 0 0 0 0 0
0 0 0 0 0 0
0 0 0 0 0 0
0 0 1 181 0 181
0 0 0 0 0 0
0 0 0 0 0 0
0 0 1 141 0 141
0 0 0 0 0 0
2 116 3 180 58 60
0 0 0 0 0 0
0 0 0 0 0 0
0 0 0 0 0 0
0 0 0 0 0 0
3 156 3 156 52 52
0 0 0 0 0 0
1 52 1 52 52 52
0 0 0 0 0 0
1 52 1 52 52 52
0 0 0 0 0 0
1 52 1 52 52 52
1 52 1 52 52 52
1 52 0 0 52 0
0 0 2 193 0 96
0 0 0 0 0 0
0 0 0 0 0 0
0 0 0 0 0 0
0 0 0 0 0 0
0 0 0 0 0 0
0 0 0 0 0 0
1 52 0 0 52 0
0 0 1 52 0 52
0 0 0 0 0 0
0 0 0 0 0 0
0 0 1 52 0 52
0 0 0 0 0 0
0 0 0 0 0 0
3 156 3 156 52 52
1 52 1 52 52 52
0 0 0 0 0 0
0 0 0 0 0 0
10 1471 9 10278 147 1142
0 0 1 52 0 52
0 0 0 0 0 0
0 0 0 0 0 0
1 52 1 52 52 52
0 0 0 0 0 0
0 0 0 0 0 0
0 0 0 0 0 0
0 0 0 0 0 0
0 0 0 0 0 0
7 1197 5 682 171 136
0 0 0 0 0 0
0 0 1 141 0 141
0 0 0 0 0 0
1 52 1 52 52 52
2 116 4 271 58 67
0 0 1 52 0 52
0 0 0 0 0 0
3 156 3 156 52 52
0 0 0 0 0 0
1 52 1 52 52 52
0 0 0 0 0 0
55 9023 49 57739 164 1178
25 1891 29 87408 75 3014
5 807 5 4208 161 841
0 0 0 0 0 0
1 52 0 0 52 0
1 52 2 104 52 52
0 0 0 0 0 0
0 0 0 0 0 0
0 0 0 0 0 0
0 0 0 0 0 0
0 0 0 0 0 0
0 0 0 0 0 0
0 0 0 0 0 0
0 0 0 0 0 0
0 0 0 0 0 0
0 0 0 0 0 0
0 0 0 0 0 0
6 907 6 3057 151 509
0 0 0 0 0 0
2 104 2 128 52 64
0 0 0 0 0 0
0 0 0 0 0 0
0 0 0 0 0 0
0 0 0 0 0 0
0 0 0 0 0 0
0 0 0 0 0 0
0 0 0 0 0 0
0 0 0 0 0 0
0 0 0 0 0 0
0 0 0 0 0 0
7 4150 3 424 592 141
1 52 2 258 52 129
0 0 0 0 0 0
0 0 0 0 0 0
0 0 0 0 0 0
0 0 0 0 0 0
0 0 0 0 0 0
0 0 0 0 0 0
0 0 1 40 0 40
0 0 0 0 0 0
0 0 0 0 0 0
2 104 3 195 52 65
0 0 1 40 0 40
0 0 0 0 0 0
0 0 0 0 0 0
3 156 3 156 52 52
0 0 0 0 0 0
4 208 4 208 52 52
0 0 0 0 0 0
0 0 0 0 0 0
0 0 0 0 0 0
0 0 0 0 0 0
0 0 0 0 0 0
0 0 0 0 0 0
0 0 0 0 0 0
0 0 0 0 0 0
0 0 0 0 0 0
11 3427 8 2763 311 345
18 2110 21 40436 117 1925
10 520 15 21626 52 1441
0 0 0 0 0 0
0 0 0 0 0 0
0 0 0 0 0 0
0 0 0 0 0 0
1 52 1 52 52 52
0 0 0 0 0 0
0 0 0 0 0 0
0 0 0 0 0 0
0 0 0 0 0 0
0 0 0 0 0 0
0 0 0 0 0 0
0 0 0 0 0 0
0 0 0 0 0 0
0 0 0 0 0 0
0 0 0 0 0 0
0 0 0 0 0 0
1 52 1 52 52 52
2 116 3 180 58 60
0 0 0 0 0 0
0 0 0 0 0 0
3 1669 4 247 556 61
1 52 1 2095 52 2095
19 2652 15 1763 139 117
0 0 0 0 0 0
11 2908 7 848 264 121
27 4081 32 43714 151 1366
21 2209 28 95519 105 3411
13 676 17 103271 52 6074
0 0 0 0 0 0
0 0 0 0 0 0
0 0 0 0 0 0
0 0 0 0 0 0
1 52 1 52 52 52
0 0 0 0 0 0
0 0 0 0 0 0
0 0 0 0 0 0
0 0 0 0 0 0
0 0 0 0 0 0
0 0 0 0 0 0
0 0 0 0 0 0
0 0 0 0 0 0
2 116 3 180 58 60
0 0 0 0 0 0
0 0 0 0 0 0
0 0 0 0 0 0
0 0 0 0 0 0
0 0 0 0 0 0
0 0 0 0 0 0
21 2532 19 54615 120 2874
52 6263 50 96738 120 1934
5 295 5 782 59 156
0 0 0 0 0 0
0 0 0 0 0 0
0 0 0 0 0 0
0 0 0 0 0 0
6 2009 3 424 334 141
1 52 2 257 52 128
0 0 0 0 0 0
0 0 0 0 0 0
0 0 0 0 0 0
0 0 0 0 0 0
0 0 0 0 0 0
0 0 0 0 0 0
0 0 0 0 0 0
0 0 0 0 0 0
0 0 0 0 0 0
0 0 0 0 0 0
3 168 4 232 56 58
0 0 0 0 0 0
0 0 0 0 0 0
0 0 0 0 0 0
2 104 2 104 52 52
0 0 0 0 0 0
0 0 0 0 0 0
0 0 0 0 0 0
0 0 0 0 0 0
0 0 0 0 0 0
1 52 1 52 52 52
0 0 0 0 0 0
0 0 0 0 0 0
0 0 0 0 0 0
10 1990 9 1040 199 115
40 4366 39 73344 109 1880
21 1409 23 135556 67 5893
12 624 13 76587 52 5891
0 0 0 0 0 0
0 0 0 0 0 0
8 2052 9 3250 256 361
0 0 0 0 0 0
0 0 0 0 0 0
0 0 0 0 0 0
0 0 0 0 0 0
0 0 0 0 0 0
0 0 0 0 0 0
0 0 0 0 0 0
0 0 0 0 0 0
48 5456 48 65830 113 1371
92 15116 87 236115 164 2713
383 43465 414 1188155 113 2869
30 3029 35 155497 100 4442
2 116 3 180 58 60
0 0 0 0 0 0
1 52 1 52 52 52
4 573 5 12983 143 2596
0 0 0 0 0 0
0 0 0 0 0 0
0 0 0 0 0 0
0 0 0 0 0 0
0 0 0 0 0 0
0 0 0 0 0 0
0 0 0 0 0 0
0 0 0 0 0 0
0 0 0 0 0 0
0 0 0 0 0 0
0 0 0 0 0 0
0 0 0 0 0 0
0 0 0 0 0 0
0 0 0 0 0 0
0 0 0 0 0 0
0 0 0 0 0 0
0 0 0 0 0 0
0 0 0 0 0 0
1 52 0 0 52 0
0 0 1 52 0 52
0 0 0 0 0 0
0 0 0 0 0 0
0 0 0 0 0 0
0 0 0 0 0 0
15 1325 15 840 88 56
0 0 0 0 0 0
25 3925 10 560 157 56
35 6788 25 25965 193 1038
0 0 0 0 0 0
1 52 1 52 52 52
0 0 0 0 0 0
0 0 0 0 0 0
0 0 0 0 0 0
0 0 0 0 0 0
0 0 0 0 0 0
0 0 0 0 0 0
0 0 0 0 0 0
3 156 3 156 52 52
1 52 1 52 52 52
10 520 9 468 52 52
1 52 2 104 52 52
6 312 6 312 52 52
0 0 0 0 0 0
1 52 0 0 52 0
1 52 2 104 52 52
0 0 0 0 0 0
21 3993 14 13613 190 972
0 0 0 0 0 0
1 60 0 0 60 0
10 3165 6 6945 316 1157
2 116 3 718 58 239
0 0 0 0 0 0
0 0 0 0 0 0
0 0 0 0 0 0
0 0 0 0 0 0
0 0 0 0 0 0
0 0 0 0 0 0
0 0 0 0 0 0
0 0 0 0 0 0
3 156 4 271 52 67
6 336 8 503 56 62
0 0 0 0 0 0
0 0 0 0 0 0
0 0 0 0 0 0
1 52 1 52 52 52
0 0 0 0 0 0
0 0 0 0 0 0
0 0 0 0 0 0
0 0 0 0 0 0
0 0 0 0 0 0
0 0 0 0 0 0
60 9306 57 44531 155 781
10 520 13 23200 52 1784
0 0 0 0 0 0
1 52 1 52 52 52
0 0 0 0 0 0
0 0 0 0 0 0
0 0 0 0 0 0
0 0 0 0 0 0
0 0 0 0 0 0
0 0 0 0 0 0
0 0 0 0 0 0
0 0 0 0 0 0
0 0 0 0 0 0
1 52 1 52 52 52
0 0 0 0 0 0
10 520 10 520 52 52
0 0 0 0 0 0
0 0 0 0 0 0
0 0 0 0 0 0
3 156 3 180 52 60
0 0 0 0 0 0
2 104 2 104 52 52
0 0 0 0 0 0
0 0 0 0 0 0
1 52 1 52 52 52
0 0 0 0 0 0
0 0 0 0 0 0
0 0 0 0 0 0
0 0 0 0 0 0
0 0 0 0 0 0
7 1546 5 682 220 136
0 0 0 0 0 0
0 0 0 0 0 0
0 0 0 0 0 0
0 0 0 0 0 0
0 0 0 0 0 0
0 0 0 0 0 0
0 0 0 0 0 0
1 52 1 52 52 52
0 0 0 0 0 0
0 0 0 0 0 0
0 0 0 0 0 0
0 0 0 0 0 0
0 0 0 0 0 0
0 0 0 0 0 0
0 0 0 0 0 0
5 260 5 260 52 52
0 0 0 0 0 0
2 104 2 104 52 52
0 0 0 0 0 0
0 0 0 0 0 0
0 0 0 0 0 0
0 0 0 0 0 0
0 0 0 0 0 0
0 0 0 0 0 0
0 0 0 0 0 0
0 0 0 0 0 0
0 0 0 0 0 0
1 52 1 52 52 52
0 0 0 0 0 0
10 520 10 520 52 52
0 0 0 0 0 0
0 0 0 0 0 0
0 0 0 0 0 0
1 52 1 52 52 52
0 0 0 0 0 0
2 104 2 104 52 52
0 0 0 0 0 0
0 0 0 0 0 0
0 0 0 0 0 0
1 52 0 0 52 0
0 0 1 52 0 52
0 0 0 0 0 0
0 0 0 0 0 0
0 0 0 0 0 0
1 52 0 0 52 0
0 0 1 52 0 52
0 0 0 0 0 0
0 0 0 0 0 0
0 0 0 0 0 0
0 0 0 0 0 0
0 0 0 0 0 0
0 0 0 0 0 0
1 52 1 52 52 52
0 0 0 0 0 0
0 0 0 0 0 0
0 0 0 0 0 0
0 0 0 0 0 0
0 0 0 0 0 0
0 0 0 0 0 0
0 0 0 0 0 0
5 260 5 260 52 52
0 0 0 0 0 0
2 104 2 104 52 52
0 0 0 0 0 0
0 0 0 0 0 0
26 3393 17 7779 130 457
5 505 8 487 101 60
2 173 3 1107 86 369
0 0 0 0 0 0
2 173 2 529 86 264
0 0 0 0 0 0
13 1953 12 4362 150 363
1 52 1 52 52 52
0 0 0 0 0 0
10 520 10 520 52 52
6 463 5 550 77 110
3 156 3 183 52 61
0 0 1 40 0 40
0 0 0 0 0 0
0 0 0 0 0 0
0 0 0 0 0 0
0 0 0 0 0 0
0 0 0 0 0 0
0 0 0 0 0 0
0 0 0 0 0 0
0 0 0 0 0 0
0 0 0 0 0 0
0 0 0 0 0 0
0 0 0 0 0 0
0 0 0 0 0 0
0 0 0 0 0 0
1 52 1 52 52 52
0 0 0 0 0 0
0 0 0 0 0 0
0 0 0 0 0 0
0 0 0 0 0 0
0 0 0 0 0 0
1 52 1 52 52 52
0 0 0 0 0 0
0 0 0 0 0 0
0 0 0 0 0 0
0 0 0 0 0 0
0 0 0 0 0 0
0 0 0 0 0 0
0 0 0 0 0 0
2 104 2 104 52 52
0 0 0 0 0 0
2 104 2 104 52 52
0 0 0 0 0 0
0 0 0 0 0 0
0 0 0 0 0 0
1 52 1 52 52 52
0 0 0 0 0 0
0 0 0 0 0 0
0 0 0 0 0 0
1 52 1 52 52 52
0 0 0 0 0 0
1 52 1 52 52 52
0 0 0 0 0 0
8 416 8 416 52 52
0 0 0 0 0 0
4 208 6 351 52 58
0 0 0 0 0 0
1 52 1 52 52 52
0 0 0 0 0 0
0 0 0 0 0 0
0 0 0 0 0 0
0 0 0 0 0 0
0 0 0 0 0 0
0 0 0 0 0 0
6 264 5 323 44 64
0 0 0 0 0 0
10 544 13 866 54 66
4 208 8 567 52 70
5 272 5 323 54 64
0 0 0 0 0 0
1 52 1 52 52 52
0 0 0 0 0 0
0 0 0 0 0 0
0 0 0 0 0 0
4 172 4 271 43 67
0 0 0 0 0 0
1 52 1 52 52 52
0 0 0 0 0 0
0 0 0 0 0 0
0 0 0 0 0 0
0 0 0 0 0 0
0 0 0 0 0 0
0 0 0 0 0 0
0 0 0 0 0 0
2 104 2 104 52 52
0 0 0 0 0 0
0 0 0 0 0 0
0 0 0 0 0 0
1 52 1 52 52 52
0 0 0 0 0 0
0 0 0 0 0 0
0 0 0 0 0 0
0 0 0 0 0 0
0 0 0 0 0 0
0 0 0 0 0 0
0 0 0 0 0 0
1 52 1 52 52 52
0 0 0 0 0 0
3 156 3 156 52 52
0 0 0 0 0 0
0 0 0 0 0 0
0 0 0 0 0 0
1 52 1 52 52 52
0 0 0 0 0 0
0 0 0 0 0 0
0 0 0 0 0 0
0 0 0 0 0 0
0 0 0 0 0 0
0 0 0 0 0 0
0 0 0 0 0 0
0 0 0 0 0 0
0 0 0 0 0 0
0 0 0 0 0 0
0 0 0 0 0 0
0 0 0 0 0 0
0 0 0 0 0 0
0 0 0 0 0 0
1 52 1 52 52 52
0 0 0 0 0 0
0 0 0 0 0 0
0 0 0 0 0 0
1 52 1 52 52 52
0 0 0 0 0 0
0 0 0 0 0 0
0 0 0 0 0 0
0 0 0 0 0 0
0 0 0 0 0 0
0 0 0 0 0 0
0 0 0 0 0 0
2 104 2 104 52 52
0 0 1 40 0 40
0 0 0 0 0 0
0 0 0 0 0 0
1 52 1 52 52 52
0 0 0 0 0 0
0 0 0 0 0 0
0 0 0 0 0 0
0 0 0 0 0 0
0 0 0 0 0 0
0 0 0 0 0 0
0 0 0 0 0 0
1 52 1 52 52 52
0 0 0 0 0 0
5 260 6 351 52 58
3 168 4 247 56 61
0 0 0 0 0 0
0 0 0 0 0 0
0 0 0 0 0 0
0 0 0 0 0 0
0 0 0 0 0 0
0 0 0 0 0 0
0 0 0 0 0 0
0 0 0 0 0 0
0 0 0 0 0 0
0 0 0 0 0 0
0 0 0 0 0 0
0 0 0 0 0 0
0 0 0 0 0 0
0 0 0 0 0 0
0 0 0 0 0 0
0 0 0 0 0 0
0 0 0 0 0 0
1 52 1 52 52 52
0 0 0 0 0 0
0 0 0 0 0 0
0 0 0 0 0 0
1 52 1 52 52 52
0 0 0 0 0 0
0 0 0 0 0 0
0 0 0 0 0 0
0 0 0 0 0 0
0 0 0 0 0 0
0 0 0 0 0 0
0 0 0 0 0 0
1 52 1 52 52 52
0 0 0 0 0 0
0 0 0 0 0 0
0 0 0 0 0 0
0 0 0 0 0 0
12 2429 9 7136 202 792
0 0 0 0 0 0
13 3332 10 7436 256 743
21 3628 21 4455 172 212
0 0 0 0 0 0
0 0 0 0 0 0
4 512 3 2200 128 733
6 929 4 2254 154 563
3 168 3 2958 56 986
3 479 2 104 159 52
4 735 1 2098 183 2098
58 9686 65 54078 167 831
0 0 0 0 0 0
0 0 0 0 0 0
0 0 0 0 0 0
0 0 0 0 0 0
3 597 3 2201 199 733
3 531 3 2202 177 734
2 1505 3 156 752 52
4 675 4 3010 168 752
1 52 1 2098 52 2098
36 4985 42 43444 138 1034
0 0 0 0 0 0
9 468 9 14195 52 1577
0 0 0 0 0 0
0 0 0 0 0 0
0 0 0 0 0 0
0 0 0 0 0 0
0 0 0 0 0 0
0 0 0 0 0 0
3 168 4 232 56 58
0 0 0 0 0 0
1 52 1 52 52 52
0 0 0 0 0 0
0 0 0 0 0 0
0 0 0 0 0 0
0 0 0 0 0 0
0 0 0 0 0 0
0 0 0 0 0 0
0 0 0 0 0 0
0 0 0 0 0 0
0 0 0 0 0 0
0 0 0 0 0 0
10 1810 7 4610 181 658
25 4203 20 11271 168 563
1 52 1 203 52 203
26 4195 19 14325 161 753
0 0 0 0 0 0
1 52 1 52 52 52
172 23514 176 342182 136 1944
3 156 10 8269 52 826
18 3602 23 40251 200 1750
7 932 7 9678 133 1382
0 0 0 0 0 0
1 52 0 0 52 0
0 0 1 52 0 52
0 0 0 0 0 0
3 156 3 156 52 52
0 0 0 0 0 0
0 0 0 0 0 0
0 0 0 0 0 0
0 0 0 0 0 0
0 0 0 0 0 0
0 0 0 0 0 0
23 3143 33 61760 136 1871
0 0 0 0 0 0
0 0 0 0 0 0
2 104 2 104 52 52
0 0 0 0 0 0
1 52 1 52 52 52
0 0 0 0 0 0
0 0 0 0 0 0
0 0 0 0 0 0
0 0 0 0 0 0
0 0 0 0 0 0
0 0 0 0 0 0
0 0 0 0 0 0
1 52 1 52 52 52
0 0 0 0 0 0
0 0 0 0 0 0
2 104 2 128 52 64
0 0 0 0 0 0
0 0 0 0 0 0
0 0 0 0 0 0
0 0 0 0 0 0
0 0 0 0 0 0
0 0 0 0 0 0
0 0 0 0 0 0
0 0 0 0 0 0
2 104 2 104 52 52
0 0 0 0 0 0
5 260 5 260 52 52
0 0 0 0 0 0
1 52 1 52 52 52
1 52 1 52 52 52
7 364 7 364 52 52
0 0 0 0 0 0
2 104 1 52 52 52
0 0 1 52 0 52
0 0 0 0 0 0
1 52 1 52 52 52
0 0 0 0 0 0
14 1091 12 1712 77 142
9 822 7 1661 91 237
3 156 3 219 52 73
0 0 0 0 0 0
0 0 0 0 0 0
0 0 0 0 0 0
2 104 2 128 52 64
0 0 0 0 0 0
1 52 1 52 52 52
0 0 0 0 0 0
2 104 2 104 52 52
0 0 0 0 0 0
5 260 5 308 52 61
4 220 5 323 55 64
0 0 0 0 0 0
0 0 0 0 0 0
0 0 0 0 0 0
0 0 0 0 0 0
0 0 0 0 0 0
0 0 0 0 0 0
1 52 1 52 52 52
0 0 0 0 0 0
0 0 0 0 0 0
0 0 0 0 0 0
39 5884 32 3586 150 112
69 7141 70 106432 103 1520
21 3359 22 33890 159 1540
0 0 0 0 0 0
0 0 0 0 0 0
11 3168 13 3852 288 296
0 0 0 0 0 0
0 0 0 0 0 0
0 0 0 0 0 0
0 0 0 0 0 0
0 0 0 0 0 0
0 0 0 0 0 0
1 52 1 52 52 52
0 0 0 0 0 0
5 260 4 208 52 52
0 0 1 52 0 52
0 0 0 0 0 0
2 104 2 104 52 52
0 0 0 0 0 0
3 168 4 232 56 58
0 0 0 0 0 0
1 52 1 52 52 52
2 104 2 104 52 52
1 52 1 40 52 40
0 0 0 0 0 0
0 0 0 0 0 0
0 0 0 0 0 0
0 0 0 0 0 0
0 0 0 0 0 0
1 52 1 52 52 52
0 0 0 0 0 0
0 0 0 0 0 0
4 184 3 219 46 73
0 0 0 0 0 0
0 0 0 0 0 0
2 104 2 80 52 40
0 0 0 0 0 0
0 0 0 0 0 0
0 0 0 0 0 0
0 0 0 0 0 0
0 0 0 0 0 0
3 168 6 375 56 62
4 220 5 323 55 64
0 0 0 0 0 0
0 0 0 0 0 0
3 156 3 156 52 52
2 104 2 104 52 52
2 104 2 104 52 52
0 0 0 0 0 0
0 0 0 0 0 0
0 0 0 0 0 0
1 52 1 52 52 52
0 0 0 0 0 0
0 0 0 0 0 0
0 0 0 0 0 0
0 0 0 0 0 0
0 0 0 0 0 0
0 0 0 0 0 0
0 0 0 0 0 0
0 0 0 0 0 0
5 260 5 260 52 52
0 0 0 0 0 0
1 52 1 52 52 52
0 0 0 0 0 0
2 104 2 104 52 52
0 0 0 0 0 0
4 220 6 375 55 62
0 0 0 0 0 0
0 0 0 0 0 0
0 0 0 0 0 0
0 0 0 0 0 0
0 0 0 0 0 0
0 0 0 0 0 0
0 0 0 0 0 0
1 52 1 52 52 52
0 0 0 0 0 0
0 0 0 0 0 0
0 0 0 0 0 0
0 0 0 0 0 0
0 0 0 0 0 0
0 0 0 0 0 0
0 0 0 0 0 0
0 0 0 0 0 0
0 0 0 0 0 0
0 0 0 0 0 0
0 0 0 0 0 0
1 52 1 52 52 52
0 0 0 0 0 0
0 0 0 0 0 0
0 0 0 0 0 0
3 156 3 156 52 52
0 0 0 0 0 0
3 156 3 156 52 52
0 0 0 0 0 0
0 0 0 0 0 0
0 0 0 0 0 0
1 52 1 52 52 52
0 0 0 0 0 0
0 0 0 0 0 0
0 0 0 0 0 0
0 0 0 0 0 0
0 0 0 0 0 0
0 0 0 0 0 0
0 0 0 0 0 0
0 0 0 0 0 0
5 260 5 260 52 52
0 0 0 0 0 0
1 52 1 52 52 52
0 0 0 0 0 0
2 104 2 104 52 52
0 0 0 0 0 0
1 52 1 40 52 40
0 0 0 0 0 0
0 0 0 0 0 0
0 0 0 0 0 0
0 0 0 0 0 0
0 0 0 0 0 0
0 0 0 0 0 0
0 0 0 0 0 0
1 52 1 52 52 52
0 0 0 0 0 0
0 0 0 0 0 0
0 0 0 0 0 0
0 0 0 0 0 0
0 0 0 0 0 0
0 0 0 0 0 0
0 0 0 0 0 0
0 0 0 0 0 0
0 0 0 0 0 0
0 0 0 0 0 0
0 0 0 0 0 0
6 288 5 335 48 67
0 0 0 0 0 0
0 0 0 0 0 0
0 0 0 0 0 0
3 156 3 156 52 52
0 0 0 0 0 0
3 156 3 156 52 52
0 0 0 0 0 0
0 0 0 0 0 0
0 0 0 0 0 0
1 52 1 52 52 52
0 0 0 0 0 0
0 0 0 0 0 0
0 0 0 0 0 0
0 0 0 0 0 0
0 0 0 0 0 0
0 0 0 0 0 0
0 0 0 0 0 0
0 0 0 0 0 0
5 260 5 260 52 52
0 0 0 0 0 0
1 52 1 52 52 52
0 0 0 0 0 0
0 0 0 0 0 0
0 0 0 0 0 0
1 52 1 52 52 52
0 0 0 0 0 0
0 0 0 0 0 0
0 0 0 0 0 0
0 0 0 0 0 0
0 0 0 0 0 0
0 0 0 0 0 0
0 0 0 0 0 0
2 116 4 232 58 58
0 0 0 0 0 0
2 116 3 180 58 60
0 0 0 0 0 0
0 0 0 0 0 0
0 0 0 0 0 0
0 0 0 0 0 0
0 0 0 0 0 0
0 0 0 0 0 0
0 0 0 0 0 0
23 3859 18 12290 167 682
0 0 0 0 0 0
4 733 2 112 183 56
10 4711 9 7375 471 819
0 0 0 0 0 0
0 0 0 0 0 0
3 156 3 156 52 52
0 0 0 0 0 0
3 156 3 156 52 52
0 0 0 0 0 0
0 0 0 0 0 0
0 0 0 0 0 0
0 0 0 0 0 0
1 52 1 52 52 52
0 0 0 0 0 0
3 681 1 60 227 60
6 2000 8 4949 333 618
0 0 0 0 0 0
0 0 0 0 0 0
0 0 0 0 0 0
0 0 0 0 0 0
4 208 4 208 52 52
0 0 0 0 0 0
0 0 0 0 0 0
0 0 0 0 0 0
0 0 0 0 0 0
0 0 0 0 0 0
1 52 1 52 52 52
0 0 0 0 0 0
0 0 0 0 0 0
0 0 0 0 0 0
3 224 6 351 74 58
0 0 0 0 0 0
0 0 0 0 0 0
0 0 0 0 0 0
2 104 2 92 52 46
0 0 0 0 0 0
1 52 1 52 52 52
0 0 0 0 0 0
0 0 0 0 0 0
0 0 0 0 0 0
0 0 0 0 0 0
0 0 0 0 0 0
0 0 0 0 0 0
0 0 0 0 0 0
1 52 0 0 52 0
0 0 1 52 0 52
1 52 1 52 52 52
1 52 0 0 52 0
0 0 1 52 0 52
0 0 0 0 0 0
3 156 3 156 52 52
0 0 0 0 0 0
3 156 1 52 52 52
0 0 2 104 0 52
0 0 0 0 0 0
0 0 0 0 0 0
0 0 0 0 0 0
1 52 1 52 52 52
0 0 0 0 0 0
0 0 0 0 0 0
0 0 0 0 0 0
0 0 0 0 0 0
0 0 0 0 0 0
0 0 0 0 0 0
0 0 0 0 0 0
7 400 13 793 57 61
2 116 4 247 58 61
3 168 4 247 56 61
0 0 0 0 0 0
0 0 0 0 0 0
2 104 3 195 52 65
0 0 0 0 0 0
0 0 0 0 0 0
1 52 1 52 52 52
0 0 0 0 0 0
0 0 0 0 0 0
0 0 0 0 0 0
0 0 0 0 0 0
0 0 0 0 0 0
1 52 1 52 52 52
0 0 0 0 0 0
1 52 1 40 52 40
0 0 0 0 0 0
0 0 0 0 0 0
0 0 0 0 0 0
0 0 0 0 0 0
0 0 0 0 0 0
0 0 0 0 0 0
0 0 0 0 0 0
0 0 0 0 0 0
0 0 0 0 0 0
2 104 2 104 52 52
0 0 0 0 0 0
1 52 0 0 52 0
0 0 1 52 0 52
0 0 0 0 0 0
0 0 0 0 0 0
0 0 0 0 0 0
1 52 1 52 52 52
0 0 0 0 0 0
0 0 0 0 0 0
0 0 0 0 0 0
0 0 0 0 0 0
0 0 0 0 0 0
0 0 0 0 0 0
2 130 2 128 65 64
0 0 0 0 0 0
0 0 0 0 0 0
0 0 0 0 0 0
0 0 0 0 0 0
7 364 7 364 52 52
0 0 0 0 0 0
0 0 0 0 0 0
0 0 0 0 0 0
0 0 0 0 0 0
0 0 0 0 0 0
0 0 0 0 0 0
0 0 0 0 0 0
1 52 0 0 52 0
0 0 1 52 0 52
0 0 0 0 0 0
0 0 0 0 0 0
0 0 0 0 0 0
0 0 0 0 0 0
1 52 1 52 52 52
0 0 0 0 0 0
0 0 0 0 0 0
0 0 0 0 0 0
0 0 0 0 0 0
0 0 0 0 0 0
2 104 4 235 52 58
0 0 0 0 0 0
0 0 0 0 0 0
0 0 0 0 0 0
0 0 0 0 0 0
0 0 0 0 0 0
0 0 0 0 0 0
0 0 0 0 0 0
0 0 0 0 0 0
0 0 0 0 0 0
0 0 0 0 0 0
0 0 0 0 0 0
0 0 0 0 0 0
1 52 1 52 52 52
0 0 0 0 0 0
0 0 0 0 0 0
0 0 0 0 0 0
0 0 0 0 0 0
0 0 0 0 0 0
0 0 0 0 0 0
1 52 1 52 52 52
0 0 0 0 0 0
0 0 0 0 0 0
0 0 0 0 0 0
0 0 0 0 0 0
4 208 4 208 52 52
0 0 0 0 0 0
3 156 3 120 52 40
0 0 0 0 0 0
0 0 0 0 0 0
0 0 0 0 0 0
0 0 0 0 0 0
0 0 0 0 0 0
0 0 0 0 0 0
0 0 0 0 0 0
1 52 1 52 52 52
0 0 0 0 0 0
0 0 0 0 0 0
0 0 0 0 0 0
1 52 1 52 52 52
0 0 0 0 0 0
0 0 0 0 0 0
0 0 0 0 0 0
0 0 0 0 0 0
0 0 0 0 0 0
0 0 0 0 0 0
0 0 0 0 0 0
0 0 0 0 0 0
0 0 0 0 0 0
0 0 0 0 0 0
0 0 0 0 0 0
0 0 0 0 0 0
0 0 0 0 0 0
0 0 0 0 0 0
0 0 0 0 0 0
0 0 0 0 0 0
0 0 0 0 0 0
0 0 0 0 0 0
1 52 1 52 52 52
0 0 0 0 0 0
0 0 0 0 0 0
0 0 0 0 0 0
0 0 0 0 0 0
0 0 0 0 0 0
0 0 0 0 0 0
0 0 0 0 0 0
1 52 1 52 52 52
0 0 0 0 0 0
0 0 0 0 0 0
0 0 0 0 0 0
4 208 4 208 52 52
0 0 0 0 0 0
0 0 0 0 0 0
0 0 0 0 0 0
0 0 0 0 0 0
0 0 0 0 0 0
0 0 0 0 0 0
0 0 0 0 0 0
0 0 0 0 0 0
0 0 0 0 0 0
1 52 0 0 52 0
0 0 1 52 0 52
0 0 0 0 0 0
0 0 0 0 0 0
1 52 1 52 52 52
0 0 0 0 0 0
0 0 0 0 0 0
0 0 0 0 0 0
0 0 0 0 0 0
0 0 0 0 0 0
0 0 0 0 0 0
0 0 0 0 0 0
0 0 0 0 0 0
0 0 0 0 0 0
0 0 0 0 0 0
0 0 0 0 0 0
0 0 0 0 0 0
0 0 0 0 0 0
0 0 0 0 0 0
0 0 0 0 0 0
0 0 0 0 0 0
0 0 0 0 0 0
0 0 0 0 0 0
1 52 1 52 52 52
0 0 0 0 0 0
0 0 0 0 0 0
0 0 0 0 0 0
0 0 0 0 0 0
0 0 0 0 0 0
0 0 0 0 0 0
0 0 0 0 0 0
1 52 1 52 52 52
0 0 0 0 0 0
0 0 0 0 0 0
0 0 0 0 0 0
4 208 4 208 52 52
0 0 0 0 0 0
0 0 0 0 0 0
0 0 0 0 0 0
0 0 0 0 0 0
0 0 0 0 0 0
0 0 0 0 0 0
0 0 0 0 0 0
0 0 0 0 0 0
0 0 0 0 0 0
0 0 0 0 0 0
0 0 0 0 0 0
1 52 0 0 52 0
0 0 1 52 0 52
1 52 1 52 52 52
0 0 0 0 0 0
0 0 0 0 0 0
0 0 0 0 0 0
0 0 0 0 0 0
0 0 0 0 0 0
0 0 0 0 0 0
0 0 0 0 0 0
0 0 0 0 0 0
0 0 0 0 0 0
0 0 0 0 0 0
0 0 0 0 0 0
0 0 0 0 0 0
0 0 0 0 0 0
0 0 0 0 0 0
38 6641 43 27118 174 630
10 1695 19 10043 169 528
32 3974 32 11927 124 372
5 745 9 4853 149 539
16 872 6 312 54 52
45 9336 31 26322 207 849
9 1663 11 6949 184 631
0 0 0 0 0 0
0 0 0 0 0 0
0 0 0 0 0 0
0 0 0 0 0 0
0 0 0 0 0 0
1 52 1 52 52 52
0 0 0 0 0 0
0 0 0 0 0 0
0 0 0 0 0 0
4 208 4 208 52 52
10 1702 12 6792 170 566
0 0 0 0 0 0
0 0 0 0 0 0
0 0 0 0 0 0
0 0 0 0 0 0
0 0 0 0 0 0
0 0 0 0 0 0
0 0 0 0 0 0
0 0 0 0 0 0
22 4045 15 13665 183 911
0 0 0 0 0 0
5 1276 2 211 255 105
9 2106 9 7275 234 808
1 52 1 52 52 52
0 0 0 0 0 0
0 0 0 0 0 0
0 0 0 0 0 0
0 0 0 0 0 0
0 0 0 0 0 0
0 0 0 0 0 0
0 0 0 0 0 0
0 0 0 0 0 0
0 0 0 0 0 0
0 0 0 0 0 0
0 0 0 0 0 0
0 0 0 0 0 0
0 0 0 0 0 0
0 0 0 0 0 0
0 0 0 0 0 0
0 0 0 0 0 0
0 0 0 0 0 0
0 0 0 0 0 0
1 52 1 52 52 52
0 0 0 0 0 0
0 0 0 0 0 0
0 0 0 0 0 0
0 0 0 0 0 0
0 0 0 0 0 0
0 0 0 0 0 0
0 0 0 0 0 0
1 52 1 52 52 52
0 0 0 0 0 0
0 0 0 0 0 0
0 0 0 0 0 0
4 208 4 208 52 52
0 0 0 0 0 0
0 0 0 0 0 0
0 0 0 0 0 0
0 0 0 0 0 0
0 0 0 0 0 0
0 0 0 0 0 0
0 0 0 0 0 0
0 0 0 0 0 0
0 0 0 0 0 0
2 104 2 104 52 52
0 0 0 0 0 0
0 0 0 0 0 0
1 52 1 52 52 52
2 104 1 52 52 52
0 0 1 52 0 52
0 0 0 0 0 0
0 0 0 0 0 0
0 0 0 0 0 0
0 0 0 0 0 0
0 0 0 0 0 0
0 0 0 0 0 0
0 0 0 0 0 0
4 232 10 670 58 67
4 232 10 670 58 67
0 0 0 0 0 0
0 0 0 0 0 0
0 0 0 0 0 0
0 0 0 0 0 0
0 0 0 0 0 0
0 0 0 0 0 0
0 0 0 0 0 0
0 0 0 0 0 0
1 52 1 52 52 52
0 0 0 0 0 0
0 0 0 0 0 0
0 0 0 0 0 0
0 0 0 0 0 0
3 156 4 283 52 70
0 0 0 0 0 0
0 0 0 0 0 0
1 52 1 52 52 52
0 0 0 0 0 0
0 0 0 0 0 0
0 0 0 0 0 0
0 0 0 0 0 0
0 0 0 0 0 0
0 0 0 0 0 0
0 0 0 0 0 0
0 0 0 0 0 0
0 0 0 0 0 0
0 0 0 0 0 0
0 0 0 0 0 0
0 0 0 0 0 0
0 0 0 0 0 0
2 104 2 104 52 52
0 0 0 0 0 0
0 0 0 0 0 0
0 0 0 0 0 0
1 52 0 0 52 0
1 52 2 104 52 52
0 0 0 0 0 0
0 0 0 0 0 0
0 0 0 0 0 0
0 0 0 0 0 0
0 0 0 0 0 0
0 0 0 0 0 0
0 0 0 0 0 0
0 0 0 0 0 0
0 0 0 0 0 0
0 0 0 0 0 0
0 0 0 0 0 0
0 0 0 0 0 0
0 0 0 0 0 0
0 0 0 0 0 0
0 0 0 0 0 0
0 0 0 0 0 0
0 0 0 0 0 0
1 52 1 52 52 52
0 0 0 0 0 0
0 0 0 0 0 0
0 0 0 0 0 0
0 0 0 0 0 0
0 0 0 0 0 0
0 0 0 0 0 0
0 0 0 0 0 0
1 52 1 52 52 52
0 0 0 0 0 0
0 0 0 0 0 0
0 0 0 0 0 0
0 0 0 0 0 0
0 0 0 0 0 0
0 0 0 0 0 0
0 0 1 40 0 40
0 0 0 0 0 0
0 0 0 0 0 0
4 208 5 338 52 67
0 0 0 0 0 0
0 0 0 0 0 0
0 0 0 0 0 0
0 0 0 0 0 0
5 272 5 349 54 69
0 0 0 0 0 0
0 0 0 0 0 0
0 0 0 0 0 0
0 0 0 0 0 0
0 0 0 0 0 0
1 52 1 52 52 52
0 0 0 0 0 0
0 0 0 0 0 0
0 0 0 0 0 0
0 0 0 0 0 0
0 0 0 0 0 0
0 0 0 0 0 0
0 0 0 0 0 0
0 0 0 0 0 0
0 0 0 0 0 0
0 0 0 0 0 0
0 0 0 0 0 0
0 0 0 0 0 0
0 0 0 0 0 0
0 0 0 0 0 0
0 0 0 0 0 0
0 0 0 0 0 0
0 0 0 0 0 0
0 0 0 0 0 0
0 0 0 0 0 0
0 0 0 0 0 0
0 0 0 0 0 0
0 0 0 0 0 0
0 0 0 0 0 0
1 52 1 52 52 52
0 0 0 0 0 0
0 0 0 0 0 0
0 0 0 0 0 0
0 0 0 0 0 0
0 0 0 0 0 0
0 0 0 0 0 0
0 0 0 0 0 0
0 0 0 0 0 0
0 0 0 0 0 0
1 52 1 52 52 52
0 0 0 0 0 0
3 706 1 60 235 60
17 2432 15 7944 143 529
0 0 0 0 0 0
16 3057 12 5304 191 442
0 0 0 0 0 0
0 0 0 0 0 0
0 0 0 0 0 0
0 0 0 0 0 0
0 0 0 0 0 0
1 52 1 52 52 52
0 0 0 0 0 0
0 0 0 0 0 0
0 0 0 0 0 0
0 0 0 0 0 0
0 0 0 0 0 0
0 0 0 0 0 0
0 0 0 0 0 0
1 60 0 0 60 0
7 1519 6 4301 217 716
0 0 0 0 0 0
0 0 0 0 0 0
0 0 0 0 0 0
0 0 0 0 0 0
0 0 0 0 0 0
0 0 0 0 0 0
10 1675 9 3940 167 437
0 0 0 0 0 0
0 0 0 0 0 0
0 0 0 0 0 0
0 0 0 0 0 0
0 0 0 0 0 0
0 0 0 0 0 0
2 218 0 0 109 0
3 191 6 808 63 134
11 999 9 2908 90 323
0 0 0 0 0 0
3 313 3 306 104 102
0 0 0 0 0 0
0 0 0 0 0 0
0 0 0 0 0 0
0 0 0 0 0 0
0 0 0 0 0 0
0 0 0 0 0 0
1 52 0 0 52 0
0 0 1 52 0 52
0 0 0 0 0 0
0 0 0 0 0 0
0 0 0 0 0 0
0 0 0 0 0 0
0 0 0 0 0 0
1 52 1 52 52 52
0 0 0 0 0 0
0 0 0 0 0 0
0 0 0 0 0 0
0 0 0 0 0 0
0 0 0 0 0 0
1 52 1 52 52 52
0 0 0 0 0 0
0 0 0 0 0 0
0 0 0 0 0 0
0 0 0 0 0 0
0 0 0 0 0 0
0 0 0 0 0 0
0 0 0 0 0 0
1 52 1 52 52 52
0 0 0 0 0 0
0 0 0 0 0 0
0 0 0 0 0 0
0 0 0 0 0 0
0 0 0 0 0 0
0 0 0 0 0 0
0 0 0 0 0 0
1 52 1 52 52 52
0 0 1 40 0 40
0 0 0 0 0 0
0 0 0 0 0 0
0 0 0 0 0 0
0 0 0 0 0 0
2 104 2 104 52 52
0 0 0 0 0 0
1 52 1 52 52 52
0 0 0 0 0 0
1 52 1 52 52 52
2 116 3 180 58 60
0 0 0 0 0 0
0 0 0 0 0 0
0 0 0 0 0 0
0 0 0 0 0 0
0 0 0 0 0 0
0 0 0 0 0 0
3 168 5 323 56 64
0 0 0 0 0 0
0 0 0 0 0 0
0 0 0 0 0 0
0 0 0 0 0 0
1 52 1 52 52 52
0 0 0 0 0 0
0 0 0 0 0 0
2 116 5 323 58 64
4 184 4 271 46 67
0 0 0 0 0 0
3 168 5 323 56 64
0 0 0 0 0 0
0 0 0 0 0 0
0 0 0 0 0 0
0 0 0 0 0 0
0 0 0 0 0 0
0 0 0 0 0 0
0 0 0 0 0 0
0 0 0 0 0 0
0 0 0 0 0 0
0 0 0 0 0 0
0 0 0 0 0 0
0 0 0 0 0 0
0 0 0 0 0 0
0 0 0 0 0 0
0 0 0 0 0 0
0 0 0 0 0 0
0 0 0 0 0 0
0 0 0 0 0 0
0 0 0 0 0 0
0 0 0 0 0 0
10 2293 4 6322 229 1580
4 239 7 918 59 131
0 0 0 0 0 0
11 3228 9 7070 293 785
2 116 3 780 58 260
0 0 0 0 0 0
0 0 0 0 0 0
1 52 0 0 52 0
0 0 1 40 0 40
0 0 0 0 0 0
0 0 0 0 0 0
0 0 0 0 0 0
0 0 0 0 0 0
0 0 0 0 0 0
0 0 0 0 0 0
0 0 0 0 0 0
0 0 0 0 0 0
0 0 0 0 0 0
1 52 1 52 52 52
0 0 0 0 0 0
0 0 0 0 0 0
0 0 0 0 0 0
0 0 0 0 0 0
0 0 0 0 0 0
0 0 0 0 0 0
0 0 0 0 0 0
1 52 1 52 52 52
0 0 0 0 0 0
0 0 0 0 0 0
0 0 0 0 0 0
0 0 0 0 0 0
0 0 0 0 0 0
0 0 0 0 0 0
0 0 0 0 0 0
0 0 0 0 0 0
0 0 0 0 0 0
0 0 0 0 0 0
0 0 0 0 0 0
0 0 0 0 0 0
0 0 0 0 0 0
0 0 0 0 0 0
0 0 0 0 0 0
0 0 0 0 0 0
0 0 0 0 0 0
0 0 0 0 0 0
0 0 0 0 0 0
2 104 2 104 52 52
0 0 0 0 0 0
0 0 0 0 0 0
1 52 1 52 52 52
0 0 0 0 0 0
0 0 0 0 0 0
0 0 0 0 0 0
0 0 0 0 0 0
0 0 0 0 0 0
0 0 0 0 0 0
0 0 0 0 0 0
0 0 0 0 0 0
0 0 0 0 0 0
0 0 0 0 0 0
0 0 0 0 0 0
0 0 0 0 0 0
0 0 0 0 0 0
1 52 1 52 52 52
0 0 0 0 0 0
0 0 0 0 0 0
0 0 0 0 0 0
0 0 0 0 0 0
0 0 0 0 0 0
0 0 0 0 0 0
0 0 0 0 0 0
1 52 0 0 52 0
0 0 1 52 0 52
0 0 0 0 0 0
0 0 0 0 0 0
0 0 0 0 0 0
0 0 0 0 0 0
0 0 0 0 0 0
0 0 0 0 0 0
0 0 0 0 0 0
0 0 0 0 0 0
0 0 0 0 0 0
0 0 0 0 0 0
0 0 0 0 0 0
0 0 0 0 0 0
0 0 0 0 0 0
0 0 0 0 0 0
0 0 0 0 0 0
0 0 0 0 0 0
0 0 0 0 0 0
0 0 0 0 0 0
2 104 2 104 52 52
0 0 0 0 0 0
0 0 0 0 0 0
0 0 0 0 0 0
0 0 0 0 0 0
1 52 1 52 52 52
0 0 0 0 0 0
0 0 0 0 0 0
0 0 0 0 0 0
0 0 0 0 0 0
0 0 0 0 0 0
0 0 0 0 0 0
0 0 0 0 0 0
0 0 0 0 0 0
0 0 0 0 0 0
0 0 0 0 0 0
0 0 0 0 0 0
1 52 1 52 52 52
0 0 0 0 0 0
0 0 0 0 0 0
0 0 0 0 0 0
0 0 0 0 0 0
0 0 0 0 0 0
0 0 0 0 0 0
0 0 0 0 0 0
0 0 0 0 0 0
0 0 0 0 0 0
11 1645 6 3500 149 583
13 1744 14 5566 134 397
0 0 0 0 0 0
0 0 0 0 0 0
0 0 0 0 0 0
0 0 0 0 0 0
0 0 0 0 0 0
5 436 3 1121 87 373
10 1586 8 3746 158 468
6 1407 4 1538 234 384
0 0 0 0 0 0
0 0 0 0 0 0
0 0 1 40 0 40
2 104 3 195 52 65
0 0 0 0 0 0
0 0 0 0 0 0
0 0 0 0 0 0
0 0 0 0 0 0
0 0 0 0 0 0
1 52 1 52 52 52
0 0 0 0 0 0
0 0 0 0 0 0
0 0 0 0 0 0
0 0 0 0 0 0
0 0 0 0 0 0
0 0 0 0 0 0
0 0 0 0 0 0
0 0 0 0 0 0
0 0 0 0 0 0
0 0 0 0 0 0
0 0 0 0 0 0
0 0 0 0 0 0
0 0 0 0 0 0
0 0 0 0 0 0
0 0 0 0 0 0
0 0 0 0 0 0
0 0 0 0 0 0
0 0 0 0 0 0
0 0 0 0 0 0
0 0 0 0 0 0
0 0 0 0 0 0
0 0 0 0 0 0
0 0 0 0 0 0
0 0 0 0 0 0
0 0 0 0 0 0
1 52 0 0 52 0
0 0 1 52 0 52
1 52 1 52 52 52
0 0 0 0 0 0
0 0 0 0 0 0
0 0 0 0 0 0
0 0 0 0 0 0
1 52 1 52 52 52
1 52 1 52 52 52
0 0 0 0 0 0
1 52 1 52 52 52
0 0 0 0 0 0
0 0 0 0 0 0
0 0 0 0 0 0
0 0 0 0 0 0
0 0 0 0 0 0
0 0 0 0 0 0
0 0 0 0 0 0
0 0 0 0 0 0
1 52 1 52 52 52
0 0 0 0 0 0
2 116 5 323 58 64
10 1713 8 4132 171 516
5 406 4 397 81 99
0 0 0 0 0 0
13 1422 11 8169 109 742
0 0 0 0 0 0
0 0 0 0 0 0
0 0 0 0 0 0
31 3476 28 105842 112 3780
0 0 0 0 0 0
0 0 0 0 0 0
0 0 0 0 0 0
0 0 0 0 0 0
0 0 0 0 0 0
0 0 0 0 0 0
0 0 0 0 0 0
0 0 0 0 0 0
11 3170 12 4731 288 394
0 0 0 0 0 0
0 0 0 0 0 0
0 0 0 0 0 0
0 0 0 0 0 0
0 0 0 0 0 0
0 0 0 0 0 0
0 0 0 0 0 0
0 0 0 0 0 0
1 52 1 52 52 52
0 0 0 0 0 0
0 0 0 0 0 0
0 0 0 0 0 0
0 0 0 0 0 0
0 0 0 0 0 0
0 0 0 0 0 0
0 0 0 0 0 0
0 0 0 0 0 0
0 0 0 0 0 0
0 0 0 0 0 0
0 0 0 0 0 0
0 0 0 0 0 0
0 0 0 0 0 0
0 0 0 0 0 0
0 0 0 0 0 0
0 0 0 0 0 0
1 52 1 52 52 52
0 0 0 0 0 0
0 0 0 0 0 0
0 0 0 0 0 0
2 104 2 104 52 52
0 0 0 0 0 0
1 52 1 52 52 52
0 0 0 0 0 0
1 52 1 52 52 52
0 0 0 0 0 0
1 52 1 52 52 52
0 0 0 0 0 0
1 52 1 52 52 52
0 0 0 0 0 0
0 0 0 0 0 0
0 0 0 0 0 0
0 0 0 0 0 0
0 0 0 0 0 0
0 0 0 0 0 0
0 0 0 0 0 0
1 52 1 52 52 52
0 0 0 0 0 0
0 0 0 0 0 0
6 264 5 323 44 64
2 116 5 323 58 64
0 0 0 0 0 0
2 104 4 271 52 67
0 0 0 0 0 0
1 52 0 0 52 0
0 0 1 52 0 52
3 168 5 323 56 64
0 0 0 0 0 0
0 0 0 0 0 0
0 0 0 0 0 0
0 0 0 0 0 0
0 0 0 0 0 0
17 2627 12 4372 154 364
14 1497 12 5411 106 450
0 0 0 0 0 0
0 0 0 0 0 0
47 4865 50 84748 103 1694
0 0 0 0 0 0
0 0 0 0 0 0
0 0 0 0 0 0
18 3981 12 12200 221 1016
12 2219 8 3968 184 496
0 0 0 0 0 0
0 0 0 0 0 0
0 0 0 0 0 0
0 0 0 0 0 0
0 0 0 0 0 0
0 0 0 0 0 0
0 0 0 0 0 0
0 0 0 0 0 0
0 0 0 0 0 0
0 0 0 0 0 0
0 0 0 0 0 0
0 0 0 0 0 0
0 0 0 0 0 0
0 0 0 0 0 0
0 0 0 0 0 0
0 0 0 0 0 0
0 0 0 0 0 0
0 0 0 0 0 0
0 0 0 0 0 0
1 52 1 52 52 52
0 0 0 0 0 0
0 0 0 0 0 0
0 0 0 0 0 0
0 0 0 0 0 0
0 0 0 0 0 0
0 0 0 0 0 0
0 0 0 0 0 0
0 0 0 0 0 0
12 2428 9 7136 202 792
1 52 0 0 52 0
3 681 2 112 227 56
10 2649 8 7323 264 915
0 0 0 0 0 0
0 0 0 0 0 0
0 0 0 0 0 0
0 0 0 0 0 0
2 104 2 104 52 52
0 0 0 0 0 0
0 0 0 0 0 0
0 0 0 0 0 0
2 104 2 104 52 52
0 0 0 0 0 0
0 0 0 0 0 0
0 0 0 0 0 0
3 156 3 156 52 52
0 0 0 0 0 0
1 52 1 52 52 52
0 0 0 0 0 0
0 0 0 0 0 0
0 0 0 0 0 0
0 0 0 0 0 0
0 0 0 0 0 0
0 0 0 0 0 0
0 0 0 0 0 0
0 0 0 0 0 0
3 168 5 323 56 64
0 0 0 0 0 0
4 220 4 271 55 67
0 0 0 0 0 0
2 116 3 180 58 60
0 0 0 0 0 0
0 0 0 0 0 0
0 0 0 0 0 0
0 0 0 0 0 0
2 104 3 180 52 60
1 52 0 0 52 0
0 0 0 0 0 0
0 0 0 0 0 0
0 0 0 0 0 0
0 0 0 0 0 0
0 0 0 0 0 0
0 0 0 0 0 0
0 0 0 0 0 0
0 0 0 0 0 0
1 52 1 52 52 52
1 52 1 52 52 52
0 0 0 0 0 0
1 52 1 52 52 52
0 0 0 0 0 0
0 0 0 0 0 0
0 0 0 0 0 0
0 0 0 0 0 0
0 0 0 0 0 0
0 0 0 0 0 0
0 0 0 0 0 0
1 52 1 52 52 52
0 0 0 0 0 0
0 0 0 0 0 0
0 0 0 0 0 0
3 156 3 156 52 52
0 0 0 0 0 0
0 0 0 0 0 0
0 0 0 0 0 0
0 0 0 0 0 0
0 0 0 0 0 0
0 0 0 0 0 0
0 0 0 0 0 0
0 0 0 0 0 0
0 0 0 0 0 0
0 0 0 0 0 0
0 0 0 0 0 0
0 0 0 0 0 0
0 0 0 0 0 0
0 0 0 0 0 0
0 0 0 0 0 0
1 52 1 40 52 40
0 0 0 0 0 0
0 0 0 0 0 0
0 0 0 0 0 0
1 52 1 52 52 52
0 0 0 0 0 0
1 52 1 40 52 40
0 0 0 0 0 0
0 0 0 0 0 0
0 0 0 0 0 0
0 0 0 0 0 0
0 0 0 0 0 0
0 0 0 0 0 0
2 104 2 104 52 52
0 0 0 0 0 0
1 52 1 52 52 52
0 0 0 0 0 0
2 104 2 104 52 52
0 0 0 0 0 0
0 0 0 0 0 0
0 0 0 0 0 0
0 0 0 0 0 0
0 0 0 0 0 0
0 0 0 0 0 0
0 0 0 0 0 0
1 52 1 52 52 52
0 0 0 0 0 0
0 0 0 0 0 0
0 0 0 0 0 0
1 52 1 52 52 52
0 0 0 0 0 0
0 0 0 0 0 0
0 0 0 0 0 0
0 0 0 0 0 0
0 0 0 0 0 0
0 0 0 0 0 0
0 0 0 0 0 0
0 0 0 0 0 0
0 0 0 0 0 0
0 0 0 0 0 0
0 0 0 0 0 0
0 0 0 0 0 0
0 0 0 0 0 0
0 0 0 0 0 0
0 0 0 0 0 0
0 0 0 0 0 0
0 0 0 0 0 0
0 0 0 0 0 0
0 0 0 0 0 0
1 52 1 52 52 52
0 0 0 0 0 0
0 0 0 0 0 0
0 0 1 40 0 40
0 0 0 0 0 0
2 104 3 195 52 65
0 0 0 0 0 0
0 0 0 0 0 0
0 0 0 0 0 0
0 0 0 0 0 0
0 0 0 0 0 0
2 104 2 80 52 40
0 0 0 0 0 0
1 52 1 52 52 52
3 168 4 247 56 61
0 0 0 0 0 0
0 0 0 0 0 0
0 0 0 0 0 0
0 0 0 0 0 0
0 0 0 0 0 0
0 0 0 0 0 0
1 52 1 52 52 52
0 0 0 0 0 0
0 0 0 0 0 0
0 0 0 0 0 0
1 52 1 52 52 52
0 0 0 0 0 0
0 0 0 0 0 0
0 0 0 0 0 0
0 0 0 0 0 0
0 0 0 0 0 0
0 0 0 0 0 0
0 0 0 0 0 0
0 0 0 0 0 0
0 0 0 0 0 0
0 0 0 0 0 0
0 0 0 0 0 0
0 0 0 0 0 0
0 0 0 0 0 0
0 0 0 0 0 0
0 0 0 0 0 0
0 0 0 0 0 0
0 0 0 0 0 0
0 0 0 0 0 0
0 0 0 0 0 0
0 0 0 0 0 0
0 0 0 0 0 0
0 0 0 0 0 0
0 0 0 0 0 0
0 0 0 0 0 0
0 0 0 0 0 0
0 0 0 0 0 0
0 0 0 0 0 0
0 0 0 0 0 0
0 0 0 0 0 0
0 0 0 0 0 0
0 0 0 0 0 0
0 0 0 0 0 0
0 0 0 0 0 0
0 0 0 0 0 0
1 52 1 52 52 52
0 0 0 0 0 0
0 0 0 0 0 0
0 0 0 0 0 0
0 0 0 0 0 0
0 0 0 0 0 0
1 52 1 52 52 52
0 0 0 0 0 0
0 0 0 0 0 0
0 0 0 0 0 0
1 52 1 52 52 52
0 0 0 0 0 0
0 0 0 0 0 0
0 0 0 0 0 0
0 0 0 0 0 0
0 0 0 0 0 0
0 0 0 0 0 0
0 0 0 0 0 0
0 0 0 0 0 0
0 0 0 0 0 0
2 104 2 177 52 88
0 0 0 0 0 0
0 0 0 0 0 0
0 0 0 0 0 0
0 0 0 0 0 0
0 0 0 0 0 0
0 0 0 0 0 0
0 0 0 0 0 0
0 0 0 0 0 0
0 0 0 0 0 0
0 0 0 0 0 0
0 0 0 0 0 0
0 0 0 0 0 0
0 0 0 0 0 0
0 0 0 0 0 0
0 0 0 0 0 0
0 0 0 0 0 0
0 0 0 0 0 0
0 0 0 0 0 0
0 0 0 0 0 0
0 0 0 0 0 0
0 0 0 0 0 0
0 0 0 0 0 0
0 0 0 0 0 0
0 0 0 0 0 0
1 52 1 52 52 52
0 0 0 0 0 0
0 0 0 0 0 0
0 0 0 0 0 0
0 0 0 0 0 0
0 0 0 0 0 0
0 0 0 0 0 0
0 0 0 0 0 0
0 0 0 0 0 0
0 0 0 0 0 0
1 52 1 52 52 52
0 0 0 0 0 0
0 0 0 0 0 0
0 0 0 0 0 0
0 0 0 0 0 0
0 0 0 0 0 0
0 0 0 0 0 0
0 0 0 0 0 0
0 0 0 0 0 0
0 0 0 0 0 0
0 0 0 0 0 0
0 0 0 0 0 0
0 0 0 0 0 0
0 0 0 0 0 0
0 0 0 0 0 0
0 0 0 0 0 0
0 0 0 0 0 0
0 0 0 0 0 0
0 0 0 0 0 0
0 0 0 0 0 0
0 0 0 0 0 0
0 0 0 0 0 0
0 0 0 0 0 0
0 0 0 0 0 0
0 0 0 0 0 0
0 0 0 0 0 0
0 0 0 0 0 0
0 0 0 0 0 0
0 0 0 0 0 0
0 0 0 0 0 0
0 0 0 0 0 0
0 0 0 0 0 0
0 0 0 0 0 0
0 0 0 0 0 0
15 1325 15 840 88 56
0 0 0 0 0 0
15 820 5 260 54 52
46 8817 33 26421 191 800
0 0 0 0 0 0
0 0 0 0 0 0
0 0 0 0 0 0
0 0 0 0 0 0
0 0 0 0 0 0
0 0 0 0 0 0
0 0 0 0 0 0
1 52 1 52 52 52
0 0 0 0 0 0
0 0 0 0 0 0
0 0 0 0 0 0
0 0 0 0 0 0
0 0 0 0 0 0
0 0 0 0 0 0
0 0 0 0 0 0
0 0 0 0 0 0
0 0 0 0 0 0
0 0 0 0 0 0
0 0 0 0 0 0
0 0 0 0 0 0
0 0 0 0 0 0
0 0 0 0 0 0
13 2480 11 7240 190 658
0 0 0 0 0 0
6 1362 2 120 227 60
11 3237 4 13070 294 3267
4 239 8 1058 59 132
0 0 0 0 0 0
0 0 0 0 0 0
0 0 0 0 0 0
0 0 0 0 0 0
0 0 0 0 0 0
0 0 0 0 0 0
0 0 0 0 0 0
0 0 0 0 0 0
0 0 0 0 0 0
0 0 0 0 0 0
0 0 0 0 0 0
0 0 0 0 0 0
0 0 0 0 0 0
0 0 0 0 0 0
0 0 0 0 0 0
0 0 0 0 0 0
0 0 0 0 0 0
1 52 1 52 52 52
0 0 0 0 0 0
0 0 0 0 0 0
0 0 0 0 0 0
0 0 0 0 0 0
0 0 0 0 0 0
0 0 0 0 0 0
0 0 0 0 0 0
1 52 1 52 52 52
0 0 0 0 0 0
0 0 0 0 0 0
0 0 0 0 0 0
0 0 0 0 0 0
0 0 0 0 0 0
0 0 0 0 0 0
0 0 0 0 0 0
0 0 0 0 0 0
0 0 0 0 0 0
0 0 0 0 0 0
0 0 0 0 0 0
0 0 0 0 0 0
0 0 0 0 0 0
0 0 0 0 0 0
0 0 0 0 0 0
0 0 0 0 0 0
1 52 1 52 52 52
0 0 0 0 0 0
5 260 6 389 52 64
0 0 0 0 0 0
0 0 0 0 0 0
0 0 0 0 0 0
0 0 0 0 0 0
0 0 0 0 0 0
0 0 0 0 0 0
0 0 0 0 0 0
0 0 0 0 0 0
0 0 0 0 0 0
0 0 0 0 0 0
0 0 0 0 0 0
0 0 0 0 0 0
0 0 0 0 0 0
0 0 0 0 0 0
0 0 0 0 0 0
0 0 0 0 0 0
0 0 0 0 0 0
0 0 0 0 0 0
0 0 0 0 0 0
0 0 0 0 0 0
0 0 0 0 0 0
0 0 0 0 0 0
0 0 0 0 0 0
0 0 0 0 0 0
0 0 0 0 0 0
1 52 1 52 52 52
0 0 0 0 0 0
0 0 0 0 0 0
0 0 0 0 0 0
0 0 0 0 0 0
0 0 0 0 0 0
0 0 0 0 0 0
0 0 0 0 0 0
0 0 0 0 0 0
0 0 0 0 0 0
0 0 0 0 0 0
0 0 0 0 0 0
0 0 0 0 0 0
0 0 0 0 0 0
0 0 0 0 0 0
0 0 0 0 0 0
0 0 0 0 0 0
1 52 1 52 52 52
0 0 0 0 0 0
0 0 0 0 0 0
0 0 0 0 0 0
2 104 2 104 52 52
0 0 0 0 0 0
0 0 0 0 0 0
0 0 0 0 0 0
0 0 0 0 0 0
0 0 0 0 0 0
0 0 0 0 0 0
0 0 0 0 0 0
0 0 0 0 0 0
0 0 0 0 0 0
0 0 0 0 0 0
0 0 0 0 0 0
0 0 0 0 0 0
0 0 0 0 0 0
0 0 0 0 0 0
0 0 0 0 0 0
0 0 0 0 0 0
0 0 0 0 0 0
0 0 0 0 0 0
0 0 0 0 0 0
0 0 0 0 0 0
0 0 0 0 0 0
0 0 0 0 0 0
0 0 0 0 0 0
1 52 1 52 52 52
0 0 0 0 0 0
0 0 0 0 0 0
0 0 0 0 0 0
0 0 0 0 0 0
0 0 0 0 0 0
0 0 0 0 0 0
0 0 0 0 0 0
0 0 0 0 0 0
0 0 1 40 0 40
0 0 1 40 0 40
0 0 0 0 0 0
2 104 3 195 52 65
0 0 0 0 0 0
0 0 0 0 0 0
0 0 0 0 0 0
0 0 0 0 0 0
0 0 0 0 0 0
0 0 0 0 0 0
0 0 0 0 0 0
0 0 0 0 0 0
0 0 0 0 0 0
0 0 0 0 0 0
0 0 0 0 0 0
0 0 0 0 0 0
0 0 0 0 0 0
0 0 0 0 0 0
0 0 0 0 0 0
0 0 0 0 0 0
0 0 0 0 0 0
0 0 0 0 0 0
0 0 0 0 0 0
0 0 0 0 0 0
0 0 0 0 0 0
0 0 0 0 0 0
0 0 0 0 0 0
0 0 0 0 0 0
0 0 0 0 0 0
0 0 0 0 0 0
0 0 0 0 0 0
0 0 0 0 0 0
0 0 0 0 0 0
0 0 0 0 0 0
0 0 0 0 0 0
0 0 0 0 0 0
1 52 1 52 52 52
0 0 0 0 0 0
0 0 0 0 0 0
0 0 0 0 0 0
0 0 0 0 0 0
0 0 0 0 0 0
0 0 0 0 0 0
0 0 0 0 0 0
0 0 0 0 0 0
0 0 0 0 0 0
0 0 0 0 0 0
0 0 0 0 0 0
0 0 0 0 0 0
0 0 0 0 0 0
0 0 0 0 0 0
0 0 0 0 0 0
0 0 0 0 0 0
0 0 0 0 0 0
0 0 0 0 0 0
0 0 0 0 0 0
0 0 0 0 0 0
0 0 0 0 0 0
0 0 0 0 0 0
0 0 0 0 0 0
0 0 0 0 0 0
0 0 0 0 0 0
0 0 0 0 0 0
0 0 0 0 0 0
0 0 0 0 0 0
0 0 0 0 0 0
0 0 0 0 0 0
0 0 0 0 0 0
0 0 0 0 0 0
0 0 0 0 0 0
0 0 0 0 0 0
0 0 0 0 0 0
0 0 0 0 0 0
0 0 0 0 0 0
0 0 0 0 0 0
0 0 0 0 0 0
0 0 0 0 0 0
0 0 0 0 0 0
0 0 0 0 0 0
0 0 0 0 0 0
0 0 0 0 0 0
1 52 1 52 52 52
0 0 0 0 0 0
0 0 0 0 0 0
0 0 0 0 0 0
0 0 0 0 0 0
0 0 0 0 0 0
0 0 0 0 0 0
0 0 0 0 0 0
0 0 0 0 0 0
0 0 0 0 0 0
0 0 0 0 0 0
0 0 0 0 0 0
0 0 0 0 0 0
0 0 0 0 0 0
0 0 0 0 0 0
0 0 0 0 0 0
0 0 0 0 0 0
0 0 0 0 0 0
0 0 0 0 0 0
0 0 0 0 0 0
0 0 0 0 0 0
0 0 0 0 0 0
0 0 0 0 0 0
0 0 0 0 0 0
0 0 0 0 0 0
0 0 0 0 0 0
0 0 0 0 0 0
0 0 0 0 0 0
0 0 0 0 0 0
0 0 0 0 0 0
0 0 0 0 0 0
0 0 0 0 0 0
0 0 0 0 0 0
0 0 0 0 0 0
0 0 0 0 0 0
0 0 0 0 0 0
0 0 0 0 0 0
0 0 0 0 0 0
0 0 0 0 0 0
0 0 0 0 0 0
0 0 0 0 0 0
0 0 0 0 0 0
0 0 0 0 0 0
0 0 0 0 0 0
0 0 0 0 0 0
1 52 1 52 52 52
0 0 0 0 0 0
0 0 0 0 0 0
0 0 0 0 0 0
0 0 0 0 0 0
0 0 0 0 0 0
0 0 0 0 0 0
0 0 0 0 0 0
0 0 0 0 0 0
0 0 0 0 0 0
0 0 0 0 0 0
0 0 0 0 0 0
0 0 0 0 0 0
0 0 0 0 0 0
0 0 0 0 0 0
0 0 0 0 0 0
10 1624 8 4163 162 520
2 179 2 569 89 284
0 0 0 0 0 0
0 0 0 0 0 0
0 0 0 0 0 0
0 0 0 0 0 0
0 0 0 0 0 0
0 0 0 0 0 0
0 0 0 0 0 0
0 0 0 0 0 0
0 0 0 0 0 0
0 0 0 0 0 0
0 0 0 0 0 0
0 0 0 0 0 0
0 0 0 0 0 0
0 0 0 0 0 0
0 0 0 0 0 0
0 0 0 0 0 0
0 0 0 0 0 0
0 0 0 0 0 0
0 0 0 0 0 0
0 0 0 0 0 0
0 0 0 0 0 0
0 0 0 0 0 0
0 0 0 0 0 0
0 0 0 0 0 0
0 0 0 0 0 0
10 1391 9 5508 139 612
0 0 0 0 0 0
27 7986 16 14046 295 877
6 417 8 7390 69 923
2 1174 0 0 587 0
1 52 2 203 52 101
0 0 0 0 0 0
0 0 0 0 0 0
0 0 0 0 0 0
0 0 0 0 0 0
0 0 0 0 0 0
0 0 0 0 0 0
0 0 0 0 0 0
0 0 0 0 0 0
0 0 0 0 0 0
9 2680 9 5009 297 556
0 0 0 0 0 0
0 0 0 0 0 0
0 0 0 0 0 0
1 52 1 52 52 52
0 0 0 0 0 0
0 0 0 0 0 0
0 0 0 0 0 0
0 0 0 0 0 0
0 0 0 0 0 0
0 0 0 0 0 0
0 0 0 0 0 0
0 0 0 0 0 0
0 0 0 0 0 0
0 0 0 0 0 0
5 328 5 311 65 62
0 0 0 0 0 0
0 0 0 0 0 0
0 0 0 0 0 0
0 0 0 0 0 0
0 0 0 0 0 0
0 0 0 0 0 0
0 0 0 0 0 0
0 0 0 0 0 0
3 156 4 271 52 67
0 0 0 0 0 0
0 0 0 0 0 0
0 0 0 0 0 0
0 0 0 0 0 0
0 0 0 0 0 0
0 0 0 0 0 0
0 0 0 0 0 0
0 0 0 0 0 0
3 156 3 156 52 52
0 0 0 0 0 0
1 52 1 52 52 52
0 0 0 0 0 0
0 0 0 0 0 0
0 0 0 0 0 0
0 0 0 0 0 0
0 0 0 0 0 0
0 0 0 0 0 0
0 0 0 0 0 0
0 0 0 0 0 0
0 0 0 0 0 0
0 0 0 0 0 0
0 0 0 0 0 0
0 0 0 0 0 0
0 0 0 0 0 0
0 0 0 0 0 0
0 0 0 0 0 0
0 0 0 0 0 0
0 0 0 0 0 0
0 0 0 0 0 0
0 0 0 0 0 0
0 0 0 0 0 0
0 0 0 0 0 0
0 0 0 0 0 0
0 0 0 0 0 0
0 0 0 0 0 0
0 0 0 0 0 0
0 0 0 0 0 0
0 0 0 0 0 0
0 0 0 0 0 0
0 0 0 0 0 0
0 0 0 0 0 0
0 0 0 0 0 0
0 0 0 0 0 0
0 0 0 0 0 0
0 0 0 0 0 0
0 0 0 0 0 0
0 0 0 0 0 0
0 0 0 0 0 0
0 0 0 0 0 0
0 0 0 0 0 0
0 0 0 0 0 0
0 0 0 0 0 0
0 0 0 0 0 0
2 104 2 104 52 52
0 0 0 0 0 0
11 1630 9 3879 148 431
0 0 0 0 0 0
10 1606 7 3879 160 554
8 1961 6 1992 245 332
4 694 2 458 173 229
12 1917 10 11491 159 1149
2 104 0 0 52 0
3 637 2 453 212 226
0 0 0 0 0 0
10 1649 8 4162 164 520
0 0 0 0 0 0
0 0 0 0 0 0
0 0 0 0 0 0
0 0 0 0 0 0
0 0 0 0 0 0
0 0 0 0 0 0
0 0 0 0 0 0
0 0 0 0 0 0
0 0 0 0 0 0
0 0 0 0 0 0
0 0 0 0 0 0
0 0 0 0 0 0
0 0 0 0 0 0
0 0 0 0 0 0
0 0 0 0 0 0
0 0 0 0 0 0
0 0 0 0 0 0
0 0 0 0 0 0
0 0 0 0 0 0
0 0 0 0 0 0
0 0 0 0 0 0
0 0 1 40 0 40
0 0 0 0 0 0
0 0 0 0 0 0
0 0 0 0 0 0
0 0 0 0 0 0
233 13300 277 1684719 57 6082
800 41705 867 6310812 52 7278
0 0 0 0 0 0
1 52 3 195 52 65
0 0 0 0 0 0
0 0 0 0 0 0
0 0 0 0 0 0
1 52 1 52 52 52
0 0 0 0 0 0
0 0 0 0 0 0
0 0 0 0 0 0
5 409 6 816 81 136
0 0 0 0 0 0
14 3019 10 5786 215 578
336 29390 397 3428545 87 8636
182 11459 201 2406291 62 11971
134 22132 119 720919 165 6058
20 28429 29 29102 1421 1003
18 4158 22 165668 231 7530
15 2085 15 78047 139 5203
4 220 7 457 55 65
0 0 0 0 0 0
0 0 0 0 0 0
2 104 2 135 52 67
48 3526 25 3922 73 156
21 16739 16 1898 797 118
