0 0 3 23 20 35 75 0 608 23 20 35 0 0 3 55 7 12 599 0 8622 55 7 12 17 0 145 43 0 238
0 0 3 17 27 39 40 0 284 17 27 39 0 0 3 49 8 12 585 0 8620 49 8 12 8 0 50 39 0 224
0 0 3 18 26 38 40 0 284 18 26 38 0 0 3 48 8 12 585 0 8620 48 8 12 8 0 50 39 0 224
0 0 3 16 29 37 40 0 284 16 29 37 0 0 3 45 9 13 584 0 8620 45 9 13 8 0 50 38 0 224
0 0 3 18 26 36 51 0 318 18 26 36 0 0 3 50 8 12 609 0 8629 50 8 12 11 0 59 42 0 234
0 0 3 22 21 33 57 0 326 22 21 33 0 0 3 55 7 10 701 0 8796 55 7 10 12 0 61 50 0 255
0 0 3 20 23 34 56 0 326 20 23 34 0 0 3 55 7 9 701 0 8796 55 7 9 12 0 61 49 0 255
0 0 3 20 23 39 56 0 326 20 23 39 0 0 3 51 8 11 699 0 8796 51 8 11 12 0 61 49 0 255
0 0 3 14 33 54 51 0 320 14 33 54 0 0 3 39 11 14 682 0 8795 39 11 14 9 0 51 43 0 251
0 0 3 12 40 61 31 0 260 12 40 61 0 0 3 37 12 15 589 0 8709 37 12 15 5 0 42 31 0 213
0 0 1 10 48 63 17 0 164 10 48 63 0 0 1 36 12 15 122 0 1791 36 12 15 4 0 35 16 0 128
0 0 1 13 37 58 29 0 298 13 37 58 0 0 1 36 12 15 123 0 1791 36 12 15 6 0 54 16 0 127
0 0 1 12 40 59 28 0 298 12 40 59 0 0 1 36 12 15 123 0 1791 36 12 15 6 0 54 16 0 127
0 0 1 13 37 55 29 0 298 13 37 55 0 0 1 35 13 15 123 0 1791 35 13 15 6 0 54 16 0 127
0 0 0 11 44 58 18 0 262 11 44 58 0 0 1 30 15 17 99 0 1739 30 15 17 3 0 44 12 0 106
0 0 0 8 61 51 12 0 251 8 61 51 0 0 0 30 15 16 8 0 39 30 15 16 2 0 42 5 0 22
0 0 0 8 61 48 12 0 251 8 61 48 0 0 0 28 16 17 7 0 39 28 16 17 2 0 42 5 0 22
0 0 0 8 61 56 12 0 251 8 61 56 0 0 0 30 15 15 8 0 39 30 15 15 2 0 42 5 0 23
0 0 0 8 61 73 12 0 251 8 61 73 0 0 0 29 16 15 8 0 39 29 16 15 2 0 42 5 0 22
0 0 1 11 44 71 31 0 342 11 44 71 0 0 1 28 16 15 99 0 1788 28 16 15 4 0 46 11 0 86
0 0 1 12 40 69 37 0 348 12 40 69 0 0 1 27 17 15 473 0 5353 27 17 15 6 0 54 54 0 470
0 0 1 10 48 72 25 0 243 10 48 72 0 0 1 22 21 18 470 0 5353 22 21 18 4 0 34 53 0 470
0 0 1 10 48 77 25 0 243 10 48 77 0 0 1 20 23 26 470 0 5353 20 23 26 4 0 34 53 0 470
0 0 1 11 43 76 25 0 243 11 43 76 0 0 1 21 22 26 470 0 5353 21 22 26 4 0 34 53 0 470
0 0 1 10 48 69 24 0 243 10 48 69 0 0 1 20 23 27 469 0 5353 20 23 27 4 0 34 53 0 470
0 0 1 12 40 58 28 0 251 12 40 58 0 0 1 18 26 28 469 0 5353 18 26 28 5 0 38 53 0 470
0 0 1 12 40 50 28 0 251 12 40 50 0 0 1 20 23 26 470 0 5353 20 23 26 5 0 38 53 0 470
0 0 1 12 40 49 28 0 251 12 40 49 0 0 1 21 22 25 470 0 5353 21 22 25 5 0 38 54 0 470
0 0 1 13 36 55 28 0 251 13 36 55 0 0 1 22 21 25 471 0 5353 22 21 25 5 0 38 54 0 470
0 0 0 10 48 59 10 0 94 10 48 59 0 0 0 20 23 26 379 0 5052 20 23 26 3 0 32 47 0 463
0 0 0 7 70 54 4 0 64 7 70 54 0 0 0 16 30 27 4 0 31 16 30 27 1 0 17 3 0 20
0 0 0 7 70 56 4 0 64 7 70 56 0 0 0 18 26 21 5 0 32 18 26 21 1 0 17 3 0 22
0 0 0 9 54 58 4 0 64 9 54 58 0 0 0 20 24 19 5 0 33 20 24 19 1 0 17 4 0 22
0 0 0 7 70 56 4 0 64 7 70 56 0 0 0 24 19 20 8 0 41 24 19 20 1 0 17 5 0 24
0 0 0 7 70 60 4 0 64 7 70 60 0 0 0 33 14 18 11 0 46 33 14 18 1 0 17 7 0 26
0 0 0 6 82 56 0 0 12 6 82 56 0 0 0 33 14 18 10 0 41 33 14 18 0 0 5 6 0 25
0 0 0 6 82 47 0 0 12 6 82 47 0 0 0 32 14 19 10 0 41 32 14 19 0 0 5 6 0 25
0 0 0 7 70 58 1 0 17 7 70 58 0 0 0 29 16 23 9 0 41 29 16 23 0 0 5 6 0 23
0 0 0 8 61 58 2 0 35 8 61 58 0 0 0 30 15 23 15 0 135 30 15 23 1 0 12 8 0 68
0 0 0 7 70 54 2 0 35 7 70 54 0 0 0 29 16 24 14 0 135 29 16 24 1 0 12 8 0 68
0 0 0 7 70 56 2 0 35 7 70 56 0 0 0 29 16 28 14 0 135 29 16 28 1 0 12 8 0 68
0 0 0 9 54 58 2 0 35 9 54 58 0 0 0 29 16 30 14 0 135 29 16 30 1 0 12 8 0 67
0 0 0 7 70 57 2 0 35 7 70 57 0 0 0 27 17 32 14 0 135 27 17 32 1 0 12 8 0 67
0 0 0 8 61 56 10 0 128 8 61 56 0 0 0 21 22 38 38 0 576 21 22 38 2 0 18 10 0 114
0 0 0 9 54 55 18 0 175 9 54 55 0 0 0 12 40 44 50 0 646 12 40 44 4 0 29 16 0 185
0 0 1 15 31 44 40 0 265 15 31 44 0 0 1 17 27 40 154 0 1969 17 27 40 8 0 47 31 0 247
0 0 1 16 29 39 40 0 265 16 29 39 0 0 1 16 29 40 160 0 1973 16 29 40 8 0 47 33 0 251
0 0 1 15 31 44 40 0 265 15 31 44 0 0 1 15 31 44 159 0 1973 15 31 44 8 0 47 33 0 251
0 0 1 13 36 47 38 0 263 13 36 47 0 0 1 14 34 40 153 0 1970 14 34 40 7 0 46 30 0 243
0 0 1 20 23 41 53 0 292 20 23 41 0 0 1 21 22 32 252 0 2587 21 22 32 12 0 60 49 0 310
0 0 1 25 18 36 67 0 325 25 18 36 0 0 1 27 16 28 393 0 3520 27 16 28 16 0 70 63 0 377
0 0 4 33 13 31 123 0 466 33 13 31 0 0 4 34 12 24 3690 0 37174 34 12 24 22 0 79 204 0 959
0 0 4 34 12 29 123 0 466 34 12 29 0 0 4 36 12 21 3690 0 37174 36 12 21 22 0 79 205 0 958
1 0 5 36 11 28 141 0 519 36 11 28 1 0 6 38 11 20 4664 0 39083 38 11 20 23 0 79 235 0 1025
1 0 5 34 12 30 133 0 507 34 12 30 1 0 6 37 11 21 4650 0 39083 37 11 21 21 0 76 229 0 1016
1 0 5 31 14 31 118 0 486 31 14 31 1 0 6 33 13 22 4546 0 39051 33 13 22 18 0 74 213 0 1005
1 0 5 32 13 24 117 0 486 32 13 24 1 0 6 34 12 17 4541 0 39051 34 12 17 18 0 74 211 0 1005
1 0 5 32 13 23 117 0 486 32 13 23 1 0 6 34 12 20 4541 0 39051 34 12 20 18 0 74 211 0 1005
1 0 5 32 13 28 117 0 486 32 13 28 1 0 6 36 12 18 4541 0 39051 36 12 18 18 0 74 211 0 1005
0 0 5 25 18 33 103 0 471 25 18 33 1 0 6 29 15 20 4442 0 39026 29 15 20 14 0 63 192 0 989
0 0 5 24 19 34 89 0 450 24 19 34 0 0 6 27 16 21 4301 0 38968 27 16 21 10 0 52 179 0 967
0 0 3 19 25 35 37 0 299 19 25 35 0 0 3 23 20 21 1015 0 12368 23 20 21 6 0 43 45 0 406
0 0 3 26 17 31 57 0 365 26 17 31 0 0 4 30 15 20 1043 0 12368 30 15 20 11 0 57 62 0 440
0 0 1 28 16 30 43 0 265 28 16 30 0 0 1 33 13 19 712 0 5182 33 13 19 13 0 60 149 0 833
0 0 1 27 16 31 43 0 265 27 16 31 0 0 1 32 14 20 711 0 5182 32 14 20 13 0 60 149 0 833
0 0 1 25 18 32 37 0 234 25 18 32 0 0 1 30 15 22 710 0 5182 30 15 22 11 0 51 149 0 833
0 0 1 25 18 27 37 0 234 25 18 27 0 0 1 30 15 20 710 0 5182 30 15 20 11 0 51 148 0 833
0 0 1 25 18 23 37 0 234 25 18 23 0 0 1 29 15 21 710 0 5182 29 15 21 11 0 51 148 0 833
0 0 1 31 14 21 42 0 241 31 14 21 0 0 1 33 13 21 726 0 5184 33 13 21 13 0 58 158 0 842
0 0 1 38 11 19 52 0 264 38 11 19 0 0 1 41 10 18 742 0 5185 41 10 18 17 0 68 171 0 852
0 0 1 41 10 18 68 0 292 41 10 18 0 0 1 46 9 17 850 0 5429 46 9 17 23 0 78 194 0 878
0 0 1 40 10 19 80 0 314 40 10 19 0 0 1 45 9 18 956 0 5684 45 9 18 26 0 95 198 0 878
0 0 1 34 12 20 60 0 236 34 12 20 0 0 1 38 11 19 927 0 5684 38 11 19 21 0 88 180 0 865
0 0 1 30 15 23 48 0 222 30 15 23 0 0 1 33 13 23 258 0 2413 33 13 23 18 0 86 58 0 323
0 0 1 31 14 25 48 0 222 31 14 25 0 0 1 34 13 24 258 0 2413 34 13 24 18 0 86 58 0 323
0 0 1 32 13 22 68 0 287 32 13 22 0 0 1 36 12 21 369 0 2972 36 12 21 20 0 88 68 0 347
0 0 1 31 14 24 67 0 287 31 14 24 0 0 1 35 12 23 368 0 2972 35 12 23 20 0 88 68 0 347
0 0 1 35 12 22 68 0 287 35 12 22 0 0 1 39 11 21 369 0 2972 39 11 21 21 0 88 68 0 347
0 0 1 36 12 22 78 0 310 36 12 22 0 0 1 39 11 21 455 0 3406 39 11 21 22 0 91 71 0 368
0 0 1 33 13 22 77 0 305 33 13 22 0 0 1 34 12 22 515 0 3604 34 12 22 22 0 97 74 0 410
0 0 1 32 13 23 71 0 297 32 13 23 0 0 1 32 13 23 506 0 3623 32 13 23 20 0 98 63 0 391
0 0 1 29 15 24 58 0 278 29 15 24 0 0 1 29 15 24 419 0 3223 29 15 24 15 0 78 55 0 376
0 0 1 28 16 25 58 0 278 28 16 25 0 0 1 28 16 25 418 0 3223 28 16 25 15 0 78 55 0 376
0 0 1 29 15 25 58 0 278 29 15 25 0 0 1 29 15 25 419 0 3223 29 15 25 15 0 78 55 0 376
0 0 1 30 15 25 59 0 278 30 15 25 0 0 1 30 15 25 419 0 3223 30 15 25 15 0 78 55 0 376
0 0 1 28 16 24 39 0 210 28 16 24 0 0 1 29 15 23 313 0 2718 29 15 23 12 0 75 46 0 354
0 0 1 31 14 23 43 0 220 31 14 23 0 0 1 33 13 20 315 0 2717 33 13 20 13 0 77 47 0 354
0 0 1 31 14 23 46 0 228 31 14 23 0 0 1 35 12 20 351 0 2756 35 12 20 14 0 79 56 0 376
0 0 0 23 20 26 30 0 184 23 20 26 0 0 1 30 15 22 249 0 2185 30 15 22 10 0 71 43 0 332
0 0 1 26 17 27 46 0 253 26 17 27 0 0 1 35 12 21 477 0 3696 35 12 21 12 0 78 64 0 428
0 0 1 22 21 28 42 0 244 22 21 28 0 0 1 30 14 22 601 0 4968 30 14 22 10 0 69 83 0 518
0 0 1 24 19 22 43 0 237 24 19 22 0 0 1 31 14 16 1044 0 7539 31 14 16 12 0 72 152 0 885
0 0 1 25 18 21 43 0 237 25 18 21 0 0 1 31 14 16 1044 0 7539 31 14 16 12 0 72 152 0 885
0 0 1 29 15 20 52 0 254 29 15 20 0 0 2 34 12 15 1534 0 11038 34 12 15 14 0 75 197 0 1017
0 0 1 29 15 19 53 0 254 29 15 19 0 0 2 34 12 15 1693 0 11178 34 12 15 14 0 75 250 0 1234
0 0 1 33 13 17 58 0 272 33 13 17 0 0 2 35 12 16 1691 0 11178 35 12 16 16 0 79 249 0 1234
0 0 2 30 14 18 67 0 299 30 14 18 0 0 2 31 14 17 1777 0 11296 31 14 17 17 0 79 260 0 1251
0 0 2 31 14 18 70 0 309 31 14 18 0 0 2 30 14 17 1784 0 11299 30 14 17 17 0 84 259 0 1249
0 0 2 31 14 19 71 0 309 31 14 19 0 0 2 29 15 20 1784 0 11299 29 15 20 17 0 84 259 0 1249
0 0 1 25 18 21 46 0 241 25 18 21 0 0 1 21 21 22 1479 0 10869 21 21 22 12 0 61 222 0 1203
0 0 1 24 19 22 41 0 227 24 19 22 0 0 1 23 19 20 1256 0 10233 23 19 20 11 0 56 192 0 1155
0 0 1 25 18 22 49 0 266 25 18 22 0 0 1 26 17 19 898 0 8692 26 17 19 10 0 56 141 0 969
0 0 1 27 16 22 66 0 323 27 16 22 0 0 1 30 14 18 1117 0 9185 30 14 18 12 0 60 168 0 1023
0 0 1 25 18 22 63 0 319 25 18 22 0 0 1 29 15 17 721 0 4700 29 15 17 12 0 58 139 0 929
0 0 1 34 13 18 78 0 349 34 13 18 0 0 1 37 11 14 834 0 5515 37 11 14 19 0 93 125 0 730
0 0 1 34 13 18 76 0 336 34 13 18 0 0 1 39 11 13 973 0 5959 39 11 13 19 0 92 140 0 767
0 0 1 33 13 19 63 0 306 33 13 19 0 0 1 38 11 14 884 0 5720 38 11 14 17 0 90 129 0 739
0 0 1 35 12 17 76 0 329 35 12 17 0 0 1 41 10 13 1415 0 8596 41 10 13 18 0 88 171 0 879
0 0 1 35 12 18 76 0 329 35 12 18 0 0 1 42 10 12 1415 0 8596 42 10 12 18 0 88 172 0 879
0 0 1 36 12 17 79 0 337 36 12 17 0 0 1 44 9 12 1416 0 8595 44 9 12 19 0 92 172 0 879
0 0 1 35 12 21 79 0 337 35 12 21 0 0 1 42 10 13 1416 0 8596 42 10 13 19 0 92 172 0 879
0 0 1 32 14 23 67 0 306 32 14 23 0 0 1 38 11 14 1303 0 8425 38 11 14 17 0 89 151 0 811
0 0 1 31 14 23 50 0 245 31 14 23 0 0 1 36 12 14 1085 0 7890 36 12 14 15 0 87 124 0 741
0 0 1 31 14 23 44 0 234 31 14 23 0 0 1 36 12 14 991 0 7693 36 12 14 14 0 86 108 0 693
0 0 1 21 22 27 27 0 183 21 22 27 0 0 1 26 17 17 719 0 6895 26 17 17 7 0 45 69 0 554
0 0 1 17 28 30 24 0 180 17 28 30 0 0 1 23 20 20 578 0 6510 23 20 20 5 0 39 54 0 499
0 0 1 19 25 29 25 0 180 19 25 29 0 0 1 25 18 17 579 0 6510 25 18 17 5 0 39 54 0 499
0 0 0 16 30 29 8 0 93 16 30 29 0 0 0 21 22 17 25 0 451 21 22 17 3 0 31 7 0 78
0 0 0 16 30 28 8 0 93 16 30 28 0 0 0 20 24 18 24 0 451 20 24 18 3 0 31 6 0 77
0 0 0 17 28 23 7 0 67 17 28 23 0 0 0 19 25 19 25 0 451 19 25 19 2 0 21 6 0 77
0 0 0 19 25 21 7 0 67 19 25 21 0 0 0 19 25 18 25 0 451 19 25 18 2 0 21 6 0 76
0 0 1 21 22 21 25 0 235 21 22 21 0 0 1 21 22 17 140 0 2437 21 22 17 4 0 29 17 0 230
0 0 1 26 18 20 30 0 242 26 18 20 0 0 1 26 17 18 323 0 3558 26 17 18 5 0 31 42 0 401
0 0 1 23 20 21 30 0 242 23 20 21 0 0 1 23 20 19 323 0 3558 23 20 19 5 0 31 42 0 401
0 0 1 23 20 25 30 0 242 23 20 25 0 0 1 23 20 22 323 0 3558 23 20 22 5 0 31 42 0 401
0 0 1 24 19 25 32 0 244 24 19 25 0 0 1 24 19 24 329 0 3560 24 19 24 6 0 33 45 0 406
0 0 1 22 21 28 31 0 244 22 21 28 0 0 1 21 22 27 328 0 3560 21 22 27 6 0 32 44 0 406
0 0 1 21 22 33 37 0 296 21 22 33 0 0 1 19 24 33 309 0 3533 19 24 33 6 0 45 41 0 399
0 0 1 22 21 32 37 0 296 22 21 32 0 0 1 20 23 32 309 0 3533 20 23 32 6 0 45 41 0 399
0 0 1 19 25 37 34 0 293 19 25 37 0 0 1 19 24 34 307 0 3533 19 24 34 6 0 44 40 0 399
0 0 1 19 25 38 35 0 293 19 25 38 0 0 1 20 23 34 307 0 3533 20 23 34 6 0 44 40 0 399
0 0 0 16 30 40 16 0 189 16 30 40 0 0 0 17 28 36 192 0 2604 17 28 36 4 0 39 29 0 335
0 0 0 9 54 44 11 0 179 9 54 44 0 0 0 10 48 40 9 0 128 10 48 40 3 0 37 4 0 63
0 0 0 14 34 39 23 0 206 14 34 39 0 0 0 16 30 34 138 0 1993 16 30 34 8 0 77 23 0 280
0 0 0 15 31 37 23 0 206 15 31 37 0 0 0 17 28 32 138 0 1993 17 28 32 8 0 77 23 0 280
0 0 0 13 37 38 21 0 203 13 37 38 0 0 0 15 32 33 132 0 1990 15 32 33 7 0 76 20 0 273
0 0 0 13 37 40 21 0 203 13 37 40 0 0 0 15 32 35 132 0 1990 15 32 35 7 0 76 20 0 273
0 0 0 13 36 40 16 0 125 13 36 40 0 0 0 17 28 35 132 0 1990 17 28 35 7 0 77 20 0 273
0 0 1 18 26 33 36 0 230 18 26 33 0 0 1 21 22 31 228 0 2620 21 22 31 10 0 80 35 0 345
0 0 1 23 20 30 41 0 236 23 20 30 0 0 1 26 18 29 626 0 4994 26 18 29 12 0 82 85 0 612
0 0 1 22 21 31 41 0 236 22 21 31 0 0 1 24 19 31 625 0 4994 24 19 31 12 0 82 85 0 612
0 0 1 21 22 31 41 0 235 21 22 31 0 0 1 23 20 31 625 0 4994 23 20 31 11 0 82 85 0 612
0 0 1 22 21 31 41 0 235 22 21 31 0 0 1 24 19 30 625 0 4994 24 19 30 12 0 82 85 0 612
0 0 1 22 21 31 47 0 259 22 21 31 0 0 1 23 20 32 800 0 5514 23 20 32 9 0 51 106 0 673
0 0 1 21 22 31 51 0 271 21 22 31 0 0 1 22 21 31 800 0 5514 22 21 31 10 0 55 106 0 673
0 0 1 23 20 25 51 0 271 23 20 25 0 0 1 24 19 26 801 0 5514 24 19 26 10 0 55 107 0 673
0 0 1 23 20 29 51 0 271 23 20 29 0 0 1 24 19 29 801 0 5514 24 19 29 10 0 55 107 0 673
0 0 1 22 21 31 48 0 261 22 21 31 0 0 1 23 20 31 800 0 5514 23 20 31 8 0 41 107 0 673
0 0 1 17 27 34 28 0 178 17 27 34 0 0 1 18 26 33 704 0 5254 18 26 33 6 0 34 91 0 641
0 0 1 14 34 34 23 0 170 14 34 34 0 0 1 14 34 34 306 0 3097 14 34 34 4 0 30 41 0 393
0 0 1 18 26 30 39 0 231 18 26 30 0 0 1 18 26 30 879 0 8029 18 26 30 6 0 34 81 0 587
0 0 1 19 24 28 44 0 243 19 24 28 0 0 1 19 24 29 886 0 8029 19 24 29 8 0 51 82 0 588
0 0 1 18 26 31 43 0 243 18 26 31 0 0 1 18 26 31 885 0 8029 18 26 31 8 0 51 82 0 588
1 0 6 18 25 30 160 0 754 18 25 30 1 0 6 18 25 31 3873 0 22928 18 25 31 13 0 68 174 0 874
1 0 6 20 22 29 157 0 751 20 22 29 1 0 6 20 22 29 3898 0 22931 20 22 29 13 0 67 180 0 885
1 0 6 19 23 26 157 0 751 19 23 26 1 0 6 19 23 26 3897 0 22931 19 23 26 13 0 67 180 0 885
1 0 6 19 23 32 157 0 751 19 23 32 1 0 6 19 23 32 3897 0 22931 19 23 32 13 0 67 180 0 885
1 0 6 17 26 43 156 0 751 17 26 43 1 0 6 17 26 43 3897 0 22931 17 26 43 13 0 67 180 0 885
1 0 6 17 26 46 156 0 751 17 26 46 1 0 6 17 26 46 3897 0 22931 17 26 46 13 0 67 180 0 885
1 0 6 18 25 45 167 0 764 18 25 45 1 0 6 17 26 47 3900 0 22931 17 26 47 14 0 69 180 0 885
1 0 6 19 24 44 164 0 772 19 24 44 1 0 6 19 24 45 3379 0 21796 19 24 45 13 0 69 150 0 798
1 0 6 18 25 46 159 0 769 18 25 46 1 0 6 18 25 46 3372 0 21797 18 25 46 11 0 58 149 0 798
1 0 6 24 18 40 162 0 769 24 18 40 1 0 6 24 18 40 3374 0 21796 24 18 40 12 0 58 150 0 798
0 0 1 22 21 42 35 0 273 22 21 42 0 0 1 22 21 42 110 0 1283 22 21 42 5 0 33 23 0 270
0 0 1 25 18 35 41 0 286 25 18 35 0 0 1 24 19 36 99 0 1182 24 19 36 7 0 40 31 0 365
0 0 1 25 18 29 41 0 286 25 18 29 0 0 1 24 19 29 99 0 1182 24 19 29 7 0 40 31 0 365
0 0 1 27 17 24 42 0 286 27 17 24 0 0 1 26 17 24 101 0 1182 26 17 24 7 0 40 31 0 365
0 0 1 28 16 22 42 0 286 28 16 22 0 0 1 27 17 22 101 0 1182 27 17 22 7 0 40 31 0 365
0 0 2 29 15 23 60 0 359 29 15 23 0 0 1 27 17 24 190 0 2161 27 17 24 9 0 43 37 0 374
0 0 1 27 17 24 51 0 327 27 17 24 0 0 1 27 17 24 234 0 2393 27 17 24 8 0 41 40 0 382
0 0 1 23 20 25 37 0 268 23 20 25 0 0 1 22 21 26 182 0 2177 22 21 26 7 0 37 30 0 326
0 0 1 25 18 26 39 0 269 25 18 26 0 0 1 24 19 27 183 0 2177 24 19 27 7 0 37 30 0 326
0 0 1 20 23 28 37 0 269 20 23 28 0 0 1 20 23 28 181 0 2177 20 23 28 6 0 37 29 0 326
0 0 1 19 25 29 29 0 240 19 25 29 0 0 1 19 24 29 154 0 2106 19 24 29 5 0 34 24 0 307
0 0 1 15 31 29 25 0 230 15 31 29 0 0 1 16 29 29 140 0 2088 16 29 29 3 0 25 10 0 115
0 0 1 15 31 27 25 0 230 15 31 27 0 0 1 16 29 27 140 0 2088 16 29 27 3 0 25 10 0 115
0 0 1 14 34 29 24 0 230 14 34 29 0 0 1 15 32 29 138 0 2088 15 32 29 3 0 24 10 0 115
0 0 1 13 37 30 24 0 230 13 37 30 0 0 1 14 34 30 138 0 2088 14 34 30 3 0 24 10 0 115
0 0 0 13 37 30 6 0 67 13 37 30 0 0 0 14 34 30 50 0 1036 14 34 30 2 0 17 5 0 80
0 0 0 11 44 27 5 0 63 11 44 27 0 0 0 12 40 29 4 0 31 12 40 29 1 0 16 1 0 11
0 0 0 13 37 29 6 0 67 13 37 29 0 0 0 14 34 30 5 0 34 14 34 30 2 0 17 2 0 12
0 0 0 12 40 29 5 0 63 12 40 29 0 0 0 13 37 30 4 0 30 13 37 30 2 0 16 1 0 11
0 0 0 13 37 30 5 0 64 13 37 30 0 0 0 12 40 30 3 0 30 12 40 30 1 0 16 1 0 11
0 0 0 11 44 28 5 0 63 11 44 28 0 0 0 11 44 29 3 0 29 11 44 29 1 0 16 1 0 11
0 0 0 10 49 26 2 0 27 10 49 26 0 0 0 10 48 26 2 0 20 10 48 26 0 0 6 1 0 7
0 0 0 11 44 26 2 0 27 11 44 26 0 0 0 11 44 27 2 0 20 11 44 27 1 0 7 1 0 7
0 0 0 10 49 26 2 0 27 10 49 26 0 0 0 10 48 26 2 0 20 10 48 26 0 0 6 1 0 7
0 0 0 12 40 28 3 0 29 12 40 28 0 0 0 12 40 28 3 0 22 12 40 28 1 0 7 1 0 8
0 0 0 16 29 26 10 0 89 16 29 26 0 0 0 16 29 25 22 0 223 16 29 25 3 0 17 7 0 65
0 0 0 21 22 22 16 0 104 21 22 22 0 0 0 21 22 21 32 0 282 21 22 21 4 0 22 9 0 70
0 0 0 22 21 21 16 0 104 22 21 21 0 0 0 23 20 21 32 0 282 23 20 21 4 0 22 9 0 70
0 0 0 21 22 25 16 0 104 21 22 25 0 0 0 22 21 25 32 0 282 22 21 25 4 0 22 9 0 70
0 0 0 19 24 33 15 0 104 19 24 33 0 0 0 20 23 32 32 0 282 20 23 32 4 0 22 9 0 70
0 0 0 19 24 34 15 0 104 19 24 34 0 0 0 21 22 33 32 0 282 21 22 33 4 0 22 9 0 70
0 0 0 20 23 33 15 0 104 20 23 33 0 0 0 21 22 32 32 0 282 21 22 32 4 0 22 9 0 70
0 0 0 19 24 34 15 0 104 19 24 34 0 0 0 20 23 34 32 0 282 20 23 34 4 0 22 9 0 70
0 0 0 21 22 32 16 0 104 21 22 32 0 0 0 22 21 32 32 0 282 22 21 32 4 0 22 9 0 70
0 0 0 20 23 33 15 0 103 20 23 33 0 0 0 21 22 33 31 0 282 21 22 33 4 0 22 9 0 70
0 0 0 16 30 35 8 0 62 16 30 35 0 0 0 17 28 35 13 0 175 17 28 35 2 0 16 3 0 27
0 0 0 15 32 35 3 0 29 15 32 35 0 0 0 16 30 35 4 0 35 16 30 35 1 0 9 1 0 9
0 0 0 12 40 30 2 0 21 12 40 30 0 0 0 12 40 30 2 0 24 12 40 30 1 0 7 1 0 7
0 0 0 15 32 23 4 0 37 15 32 23 0 0 0 15 32 23 6 0 54 15 32 23 1 0 9 1 0 9
0 0 0 17 28 21 4 0 37 17 28 21 0 0 0 17 28 21 6 0 54 17 28 21 1 0 9 1 0 10
0 0 0 18 26 19 5 0 37 18 26 19 0 0 0 18 26 19 7 0 55 18 26 19 1 0 9 2 0 10
0 0 0 17 28 20 5 0 37 17 28 20 0 0 0 17 28 20 7 0 55 17 28 20 1 0 9 2 0 10
0 0 0 19 25 20 5 0 38 19 25 20 0 0 0 19 25 20 7 0 55 19 25 20 2 0 9 2 0 11
0 0 0 17 28 21 5 0 37 17 28 21 0 0 0 17 28 20 7 0 55 17 28 20 1 0 9 2 0 10
0 0 0 18 26 24 5 0 38 18 26 24 0 0 0 18 26 24 7 0 56 18 26 24 1 0 9 2 0 10
0 0 0 16 30 25 4 0 33 16 30 25 0 0 0 16 30 24 6 0 52 16 30 24 1 0 9 1 0 10
0 0 0 13 37 25 3 0 32 13 37 25 0 0 0 13 37 24 5 0 51 13 37 24 1 0 8 1 0 9
0 0 0 13 37 32 3 0 32 13 37 32 0 0 0 13 37 32 5 0 51 13 37 32 1 0 8 1 0 9
0 0 0 10 49 39 1 0 11 10 49 39 0 0 0 10 49 39 1 0 14 10 49 39 1 0 7 1 0 7
0 0 0 10 49 39 1 0 11 10 49 39 0 0 0 10 49 39 1 0 14 10 49 39 1 0 7 1 0 7
0 0 0 8 61 36 1 0 9 8 61 36 0 0 0 8 61 36 1 0 9 8 61 36 0 0 6 0 0 6
0 0 0 10 49 40 1 0 11 10 49 40 0 0 0 11 44 40 1 0 11 11 44 40 0 0 6 1 0 7
0 0 0 8 61 36 1 0 9 8 61 36 0 0 0 9 54 38 1 0 9 9 54 38 0 0 6 0 0 6
0 0 0 10 49 39 1 0 15 10 49 39 0 0 0 10 48 38 1 0 16 10 48 38 0 0 6 1 0 7
0 0 0 9 54 38 1 0 15 9 54 38 0 0 0 10 49 39 2 0 18 10 49 39 0 0 6 1 0 7
0 0 0 8 61 38 1 0 15 8 61 38 0 0 0 9 54 40 1 0 18 9 54 40 0 0 6 0 0 7
0 0 0 8 61 39 1 0 15 8 61 39 0 0 0 9 54 41 1 0 18 9 54 41 0 0 6 0 0 7
0 0 0 9 54 48 1 0 15 9 54 48 0 0 0 10 49 49 2 0 18 10 49 49 0 0 6 1 0 7
0 0 0 9 54 48 1 0 15 9 54 48 0 0 0 10 49 49 2 0 18 10 49 49 0 0 6 1 0 7
0 0 0 8 61 47 1 0 15 8 61 47 0 0 0 9 54 49 1 0 18 9 54 49 0 0 6 0 0 7
0 0 0 9 54 49 1 0 15 9 54 49 0 0 0 10 49 49 2 0 18 10 49 49 0 0 6 1 0 7
0 0 0 11 43 48 20 0 189 11 43 48 0 0 0 11 43 49 39 0 436 11 43 49 4 0 28 14 0 162
0 0 0 17 28 41 24 0 193 17 28 41 0 0 0 17 27 42 54 0 474 17 27 42 5 0 33 20 0 180
0 0 1 19 24 40 44 0 310 19 24 40 0 0 1 19 24 40 166 0 1838 19 24 40 7 0 38 33 0 223
0 0 1 25 18 29 50 0 319 25 18 29 0 0 1 25 18 30 180 0 1846 25 18 30 11 0 54 45 0 266
0 0 1 30 15 21 61 0 344 30 15 21 0 0 2 31 14 21 300 0 2639 31 14 21 13 0 63 56 0 296
0 0 1 30 15 20 61 0 344 30 15 20 0 0 2 31 14 20 300 0 2639 31 14 20 13 0 63 56 0 296
0 0 1 31 14 19 62 0 344 31 14 19 0 0 2 33 13 19 300 0 2639 33 13 19 13 0 63 57 0 296
0 0 1 30 15 20 61 0 344 30 15 20 0 0 2 32 14 20 300 0 2639 32 14 20 13 0 63 56 0 296
0 0 1 32 13 22 73 0 372 32 13 22 0 0 2 34 13 21 332 0 2663 34 13 21 15 0 65 63 0 303
0 0 3 35 12 21 129 0 611 35 12 21 0 0 4 39 11 20 1045 0 8572 39 11 20 19 0 69 90 0 391
0 0 3 35 12 20 120 0 594 35 12 20 0 0 4 39 11 19 1124 0 8753 39 11 19 18 0 69 85 0 375
0 0 3 30 14 22 116 0 594 30 14 22 0 0 4 34 13 21 1109 0 8753 34 13 21 16 0 67 79 0 367
0 0 3 28 15 24 101 0 551 28 15 24 0 0 3 32 14 23 1120 0 8744 32 14 23 15 0 65 77 0 371
0 0 3 24 18 26 95 0 547 24 18 26 0 0 3 28 16 24 1105 0 8744 28 16 24 12 0 53 65 0 342
0 0 3 19 24 27 84 0 532 19 24 27 0 0 3 22 21 26 986 0 8549 22 21 26 9 0 41 53 0 316
0 0 3 20 22 28 84 0 532 20 22 28 0 0 3 23 20 27 986 0 8549 23 20 27 9 0 41 54 0 316
0 0 3 19 24 26 84 0 532 19 24 26 0 0 3 21 22 25 986 0 8550 21 22 25 9 0 41 53 0 316
0 0 3 20 22 27 84 0 532 20 22 27 0 0 3 22 21 26 986 0 8549 22 21 26 9 0 41 53 0 316
0 0 3 20 23 26 73 0 513 20 23 26 0 0 3 22 21 26 955 0 8544 22 21 26 7 0 38 47 0 310
0 0 1 19 25 26 18 0 152 19 25 26 0 0 1 19 25 26 242 0 2548 19 25 26 4 0 29 20 0 181
0 0 0 19 24 26 13 0 102 19 24 26 0 0 1 20 23 26 133 0 1744 20 23 26 3 0 17 15 0 143
0 0 0 20 23 23 13 0 102 20 23 23 0 0 1 20 23 24 133 0 1744 20 23 24 3 0 17 15 0 143
0 0 0 23 20 22 7 0 41 23 20 22 0 0 0 23 20 22 11 0 69 23 20 22 3 0 14 4 0 27
0 0 0 21 22 23 7 0 42 21 22 23 0 0 0 21 22 23 11 0 70 21 22 23 3 0 14 4 0 27
0 0 0 22 21 21 8 0 42 22 21 21 0 0 0 22 21 22 11 0 70 22 21 22 3 0 14 4 0 27
0 0 2 24 19 22 40 0 266 24 19 22 0 0 2 24 19 22 299 0 3193 24 19 22 6 0 29 25 0 183
0 0 2 26 17 16 46 0 297 26 17 16 0 0 2 26 17 16 306 0 3195 26 17 16 7 0 33 27 0 186
0 0 2 26 17 18 46 0 297 26 17 18 0 0 2 26 17 18 306 0 3195 26 17 18 7 0 33 27 0 186
0 0 2 25 18 18 46 0 297 25 18 18 0 0 2 26 17 18 306 0 3195 26 17 18 7 0 33 27 0 186
0 0 2 26 17 18 46 0 297 26 17 18 0 0 2 27 16 18 306 0 3195 27 16 18 8 0 33 27 0 186
0 0 2 23 20 20 42 0 295 23 20 20 0 0 1 24 19 19 299 0 3195 24 19 19 6 0 31 24 0 184
0 0 2 24 19 20 42 0 295 24 19 20 0 0 1 25 18 19 299 0 3195 25 18 19 6 0 32 24 0 184
0 0 2 21 22 20 41 0 295 21 22 20 0 0 1 22 21 20 298 0 3195 22 21 20 5 0 31 24 0 184
0 0 2 22 21 18 42 0 295 22 21 18 0 0 1 23 20 18 299 0 3195 23 20 18 6 0 31 24 0 184
0 0 2 26 17 18 42 0 295 26 17 18 0 0 2 27 17 17 300 0 3195 27 17 17 6 0 32 24 0 184
0 0 0 23 20 18 10 0 135 23 20 18 0 0 0 24 19 18 12 0 136 24 19 18 3 0 20 4 0 34
0 0 0 21 22 19 3 0 22 21 22 19 0 0 0 22 21 19 4 0 27 22 21 19 2 0 10 2 0 11
0 0 0 22 21 20 4 0 24 22 21 20 0 0 0 23 20 20 5 0 29 23 20 20 2 0 10 2 0 11
0 0 0 22 21 20 4 0 23 22 21 20 0 0 0 24 19 20 5 0 31 24 19 20 2 0 11 2 0 11
0 0 0 17 28 24 3 0 22 17 28 24 0 0 0 18 26 24 4 0 30 18 26 24 1 0 9 2 0 10
0 0 0 18 26 24 3 0 22 18 26 24 0 0 0 19 25 24 4 0 30 19 25 24 1 0 9 2 0 10
0 0 0 16 30 30 3 0 21 16 30 30 0 0 0 17 28 30 4 0 28 17 28 30 1 0 9 1 0 10
0 0 0 16 30 33 3 0 20 16 30 33 0 0 0 17 28 33 4 0 28 17 28 33 1 0 9 1 0 10
0 0 0 16 30 33 2 0 19 16 30 33 0 0 0 17 28 33 3 0 23 17 28 33 1 0 8 1 0 9
0 0 0 12 40 33 2 0 18 12 40 33 0 0 0 13 37 33 2 0 21 13 37 33 1 0 7 1 0 8
0 0 0 11 44 33 2 0 18 11 44 33 0 0 0 12 40 34 2 0 21 12 40 34 1 0 7 1 0 7
0 0 0 13 37 33 2 0 21 13 37 33 0 0 0 14 34 33 3 0 24 14 34 33 1 0 8 1 0 8
0 0 0 14 34 33 2 0 18 14 34 33 0 0 0 15 32 33 2 0 22 15 32 33 1 0 8 1 0 8
0 0 0 11 44 34 1 0 16 11 44 34 0 0 0 11 44 34 1 0 16 11 44 34 1 0 7 1 0 7
0 0 0 12 40 34 1 0 16 12 40 34 0 0 0 12 40 35 1 0 16 12 40 35 1 0 7 1 0 7
0 0 0 11 44 31 1 0 16 11 44 31 0 0 0 11 44 31 1 0 16 11 44 31 1 0 7 1 0 7
0 0 0 13 37 33 2 0 19 13 37 33 0 0 0 13 37 33 2 0 20 13 37 33 1 0 7 1 0 8
0 0 0 14 34 33 2 0 21 14 34 33 0 0 0 14 34 33 3 0 22 14 34 33 1 0 8 1 0 8
0 0 0 13 37 33 2 0 19 13 37 33 0 0 0 13 37 33 2 0 20 13 37 33 1 0 7 1 0 8
0 0 0 12 40 34 2 0 19 12 40 34 0 0 0 12 40 34 2 0 20 12 40 34 1 0 7 1 0 7
0 0 0 14 34 33 2 0 22 14 34 33 0 0 0 14 34 33 3 0 23 14 34 33 1 0 8 1 0 8
0 0 0 13 37 34 2 0 19 13 37 34 0 0 0 13 37 34 2 0 20 13 37 34 1 0 7 1 0 8
0 0 0 10 49 33 2 0 19 10 49 33 0 0 0 10 49 33 2 0 20 10 49 33 0 0 6 0 0 7
0 0 0 13 37 34 2 0 20 13 37 34 0 0 0 13 37 34 3 0 23 13 37 34 1 0 8 1 0 8
0 0 0 12 40 28 2 0 19 12 40 28 0 0 0 12 40 28 2 0 23 12 40 28 1 0 7 1 0 8
0 0 0 19 25 27 21 0 199 19 25 27 0 0 0 18 26 26 42 0 453 18 26 26 5 0 44 20 0 292
0 0 0 19 25 26 21 0 199 19 25 26 0 0 0 18 26 26 42 0 453 18 26 26 5 0 44 20 0 292
0 0 0 18 26 26 20 0 199 18 26 26 0 0 0 17 28 26 41 0 453 17 28 26 5 0 43 20 0 292
0 0 0 22 21 24 25 0 216 22 21 24 0 0 0 21 22 24 51 0 482 21 22 24 8 0 60 28 0 333
0 0 0 23 20 22 26 0 216 23 20 22 0 0 0 22 21 22 52 0 482 22 21 22 8 0 60 28 0 333
0 0 0 22 21 24 25 0 216 22 21 24 0 0 0 21 22 24 51 0 482 21 22 24 8 0 60 28 0 333
0 0 0 22 21 22 26 0 216 22 21 22 0 0 0 21 22 22 52 0 482 21 22 22 8 0 60 28 0 333
0 0 0 25 18 21 26 0 216 25 18 21 0 0 0 24 19 21 52 0 482 24 19 21 8 0 60 28 0 333
0 0 0 22 21 22 25 0 216 22 21 22 0 0 0 21 22 22 51 0 482 21 22 22 8 0 60 28 0 333
0 0 0 25 18 21 26 0 216 25 18 21 0 0 0 24 19 21 52 0 482 24 19 21 8 0 60 28 0 333
0 0 0 20 24 21 8 0 86 20 24 21 0 0 0 20 24 21 13 0 169 20 24 21 4 0 42 9 0 162
0 0 0 19 25 21 7 0 85 19 25 21 0 0 0 19 25 21 12 0 169 19 25 21 4 0 42 9 0 162
0 0 0 18 26 24 7 0 85 18 26 24 0 0 0 18 26 24 12 0 169 18 26 24 4 0 42 9 0 162
0 0 0 17 28 24 3 0 23 17 28 24 0 0 0 17 28 24 5 0 36 17 28 24 1 0 9 2 0 10
0 0 0 18 26 23 3 0 22 18 26 23 0 0 0 18 26 22 5 0 36 18 26 22 1 0 9 2 0 10
0 0 0 17 28 24 3 0 22 17 28 24 0 0 0 17 28 23 5 0 36 17 28 23 1 0 9 2 0 10
0 0 0 18 26 24 3 0 20 18 26 24 0 0 0 18 26 23 4 0 33 18 26 23 1 0 9 2 0 10
0 0 0 15 32 24 2 0 19 15 32 24 0 0 0 15 32 23 4 0 33 15 32 23 1 0 8 1 0 9
0 0 0 16 30 27 3 0 20 16 30 27 0 0 0 16 30 26 4 0 33 16 30 26 1 0 9 1 0 10
0 0 0 15 32 27 3 0 20 15 32 27 0 0 0 15 32 27 4 0 33 15 32 27 1 0 8 1 0 9
0 0 0 13 37 28 2 0 17 13 37 28 0 0 0 13 37 28 3 0 32 13 37 28 1 0 8 1 0 9
0 0 0 13 37 28 2 0 18 13 37 28 0 0 0 13 37 27 3 0 32 13 37 27 1 0 8 1 0 9
0 0 0 15 32 27 3 0 21 15 32 27 0 0 0 15 32 27 4 0 34 15 32 27 1 0 9 1 0 9
0 0 0 12 40 30 2 0 15 12 40 30 0 0 0 11 44 29 2 0 16 11 44 29 1 0 7 1 0 7
0 0 0 10 49 28 1 0 14 10 49 28 0 0 0 10 49 28 1 0 14 10 49 28 0 0 7 0 0 6
0 0 0 11 44 29 1 0 14 11 44 29 0 0 0 11 44 30 1 0 14 11 44 30 1 0 7 1 0 7
0 0 0 10 49 23 1 0 15 10 49 23 0 0 0 11 44 26 2 0 16 11 44 26 0 0 7 1 0 7
0 0 0 10 49 25 1 0 15 10 49 25 0 0 0 11 44 26 2 0 16 11 44 26 0 0 7 1 0 7
0 0 0 9 54 35 1 0 14 9 54 35 0 0 0 11 44 36 1 0 15 11 44 36 0 0 6 1 0 7
0 0 0 8 61 32 1 0 14 8 61 32 0 0 0 9 54 33 1 0 15 9 54 33 0 0 6 0 0 7
0 0 0 9 54 35 1 0 14 9 54 35 0 0 0 10 49 35 1 0 15 10 49 35 0 0 6 1 0 7
0 0 0 10 49 36 2 0 17 10 49 36 0 0 0 11 44 35 2 0 17 11 44 35 0 0 6 1 0 7
0 0 0 8 61 29 1 0 13 8 61 29 0 0 0 9 54 30 1 0 13 9 54 30 0 0 6 0 0 6
0 0 0 8 61 31 1 0 13 8 61 31 0 0 0 10 49 35 1 0 13 10 49 35 0 0 6 1 0 7
0 0 0 9 54 34 1 0 13 9 54 34 0 0 0 10 49 34 1 0 13 10 49 34 0 0 6 1 0 7
0 0 0 8 61 36 1 0 13 8 61 36 0 0 0 9 54 37 1 0 13 9 54 37 0 0 6 0 0 6
0 0 0 7 70 37 1 0 12 7 70 37 0 0 0 7 70 37 1 0 11 7 70 37 0 0 5 0 0 5
0 0 0 8 61 51 1 0 12 8 61 51 0 0 0 8 61 51 1 0 11 8 61 51 0 0 6 0 0 5
0 0 0 7 70 49 1 0 12 7 70 49 0 0 0 7 70 49 1 0 11 7 70 49 0 0 5 0 0 5
0 0 0 8 61 51 1 0 12 8 61 51 0 0 0 8 61 51 1 0 11 8 61 51 0 0 6 0 0 5
0 0 0 8 61 51 1 0 15 8 61 51 0 0 0 8 61 51 1 0 14 8 61 51 0 0 6 0 0 5
0 0 0 6 82 48 0 0 10 6 82 48 0 0 0 6 82 48 0 0 10 6 82 48 0 0 5 0 0 5
0 0 0 7 70 53 0 0 10 7 70 53 0 0 0 7 70 54 0 0 10 7 70 54 0 0 5 0 0 5
0 0 0 7 70 54 0 0 10 7 70 54 0 0 0 7 70 55 0 0 10 7 70 55 0 0 5 0 0 5
0 0 0 6 82 35 0 0 10 6 82 35 0 0 0 6 82 37 0 0 10 6 82 37 0 0 5 0 0 5
0 0 0 6 82 36 0 0 10 6 82 36 0 0 0 6 82 37 0 0 10 6 82 37 0 0 5 0 0 5
0 0 0 7 70 54 0 0 10 7 70 54 0 0 0 7 70 55 0 0 10 7 70 55 0 0 5 0 0 5
0 0 0 6 82 50 0 0 10 6 82 50 0 0 0 6 82 51 0 0 10 6 82 51 0 0 5 0 0 5
0 0 0 7 70 53 0 0 10 7 70 53 0 0 0 7 70 54 0 0 10 7 70 54 0 0 5 0 0 5
0 0 0 7 70 54 1 0 13 7 70 54 0 0 0 7 70 54 1 0 12 7 70 54 0 0 5 0 0 6
0 0 0 6 82 48 0 0 10 6 82 48 0 0 0 6 82 49 0 0 8 6 82 49 0 0 5 0 0 5
0 0 0 7 70 58 0 0 10 7 70 58 0 0 0 7 70 58 0 0 8 7 70 58 0 0 5 0 0 6
0 0 0 7 70 58 0 0 10 7 70 58 0 0 0 7 70 59 0 0 8 7 70 59 0 0 5 0 0 6
0 0 0 6 82 42 0 0 10 6 82 42 0 0 0 6 82 43 0 0 8 6 82 43 0 0 5 0 0 5
0 0 0 6 82 42 0 0 10 6 82 42 0 0 0 6 82 43 0 0 8 6 82 43 0 0 5 0 0 5
0 0 1 11 43 48 28 0 178 11 43 48 0 0 1 11 43 48 109 0 766 11 43 48 5 0 28 16 0 108
0 0 1 16 29 43 50 0 286 16 29 43 0 0 1 16 29 44 175 0 1279 16 29 44 8 0 39 27 0 205
0 0 1 17 27 41 50 0 286 17 27 41 0 0 1 17 27 42 175 0 1279 17 27 42 8 0 39 27 0 205
0 0 1 18 25 40 54 0 290 18 25 40 0 0 1 18 25 41 189 0 1296 18 25 41 9 0 40 30 0 210
0 0 1 17 27 39 53 0 290 17 27 39 0 0 1 17 27 39 189 0 1296 17 27 39 9 0 40 30 0 210
0 0 1 21 21 34 68 0 324 21 21 34 0 0 1 21 21 34 231 0 1389 21 21 34 12 0 49 41 0 244
0 0 1 21 21 34 68 0 324 21 21 34 0 0 1 21 21 34 231 0 1389 21 21 34 12 0 49 41 0 244
0 0 1 20 22 32 68 0 324 20 22 32 0 0 1 20 23 32 231 0 1389 20 23 32 12 0 49 40 0 244
0 0 1 20 22 35 68 0 324 20 22 35 0 0 1 20 23 35 231 0 1389 20 23 35 12 0 49 40 0 244
0 0 1 21 21 42 68 0 324 21 21 42 0 0 1 21 21 42 231 0 1389 21 21 42 12 0 49 41 0 244
0 0 1 15 31 48 40 0 275 15 31 48 0 0 0 16 29 47 123 0 1170 16 29 47 7 0 40 25 0 221
0 0 0 11 43 51 19 0 159 11 43 51 0 0 0 11 44 51 56 0 559 11 44 51 4 0 31 13 0 136
0 0 0 11 43 52 19 0 159 11 43 52 0 0 0 11 44 52 57 0 559 11 44 52 4 0 31 13 0 136
0 0 0 9 54 54 15 0 150 9 54 54 0 0 0 9 54 54 43 0 515 9 54 54 3 0 28 10 0 126
0 0 0 11 44 54 15 0 150 11 44 54 0 0 0 11 44 54 43 0 515 11 44 54 3 0 29 11 0 126
0 0 0 8 61 55 1 0 12 8 61 55 0 0 0 9 54 55 1 0 11 9 54 55 0 0 6 0 0 6
0 0 0 8 61 45 1 0 15 8 61 45 0 0 0 9 54 47 2 0 32 9 54 47 0 0 6 0 0 6
0 0 0 9 54 34 2 0 18 9 54 34 0 0 0 10 49 36 3 0 43 10 49 36 0 0 6 0 0 7
0 0 0 10 49 35 2 0 19 10 49 35 0 0 0 11 44 36 3 0 43 11 44 36 0 0 7 1 0 7
0 0 0 10 49 35 2 0 20 10 49 35 0 0 0 11 44 36 4 0 45 11 44 36 0 0 7 1 0 8
0 0 0 11 44 31 2 0 20 11 44 31 0 0 0 12 40 32 4 0 45 12 40 32 1 0 7 1 0 8
0 0 0 10 49 34 2 0 20 10 49 34 0 0 0 11 44 35 4 0 45 11 44 35 0 0 7 1 0 8
0 0 0 9 54 38 1 0 17 9 54 38 0 0 0 10 49 39 3 0 44 10 49 39 0 0 6 1 0 7
0 0 0 10 49 41 2 0 18 10 49 41 0 0 0 11 44 42 4 0 44 11 44 42 0 0 7 1 0 8
0 0 0 10 49 42 2 0 18 10 49 42 0 0 0 11 44 43 4 0 44 11 44 43 0 0 7 1 0 8
0 0 0 9 54 42 1 0 17 9 54 42 0 0 0 9 54 42 3 0 44 9 54 42 0 0 6 0 0 7
0 0 0 8 61 52 1 0 14 8 61 52 0 0 0 8 61 51 2 0 33 8 61 51 0 0 6 0 0 6
0 0 0 8 61 60 1 0 9 8 61 60 0 0 0 8 61 60 1 0 14 8 61 60 0 0 6 0 0 6
0 0 0 7 70 60 0 0 9 7 70 60 0 0 0 7 70 59 1 0 14 7 70 59 0 0 5 0 0 6
0 0 0 7 70 62 0 0 6 7 70 62 0 0 0 7 70 62 0 0 6 7 70 62 0 0 5 0 0 5
0 0 0 6 82 57 0 0 6 6 82 57 0 0 0 7 70 58 0 0 6 7 70 58 0 0 5 0 0 5
0 0 0 8 61 56 1 0 9 8 61 56 0 0 0 9 54 51 1 0 12 9 54 51 0 0 6 0 0 6
0 0 0 10 49 54 1 0 13 10 49 54 0 0 0 11 44 49 2 0 18 11 44 49 0 0 6 1 0 7
0 0 0 10 49 55 1 0 13 10 49 55 0 0 0 11 44 50 1 0 18 11 44 50 0 0 6 1 0 7
0 0 0 8 61 44 1 0 12 8 61 44 0 0 0 9 54 41 1 0 17 9 54 41 0 0 6 0 0 7
0 0 0 8 61 41 1 0 12 8 61 41 0 0 0 9 54 37 1 0 17 9 54 37 0 0 6 0 0 7
0 0 0 8 61 51 1 0 12 8 61 51 0 0 0 9 54 47 1 0 17 9 54 47 0 0 6 0 0 7
0 0 0 7 70 68 1 0 12 7 70 68 0 0 0 8 61 64 1 0 17 8 61 64 0 0 5 0 0 6
0 0 0 8 61 75 1 0 12 8 61 75 0 0 0 9 54 70 1 0 17 9 54 70 0 0 6 0 0 7
0 0 0 7 70 76 1 0 12 7 70 76 0 0 0 8 61 72 1 0 17 8 61 72 0 0 5 0 0 6
0 0 0 8 61 75 2 0 33 8 61 75 0 0 0 8 61 75 1 0 17 8 61 75 1 0 12 0 0 7
0 0 0 10 48 71 13 0 108 10 48 71 0 0 0 10 48 71 27 0 293 10 48 71 3 0 27 7 0 64
0 0 0 9 54 73 12 0 108 9 54 73 0 0 0 9 53 73 27 0 293 9 53 73 3 0 26 7 0 64
0 0 0 8 61 70 12 0 108 8 61 70 0 0 0 8 60 70 26 0 293 8 60 70 3 0 26 6 0 64
0 0 0 9 53 54 15 0 126 9 53 54 0 0 0 9 53 54 35 0 332 9 53 54 4 0 29 9 0 77
0 0 0 10 48 43 19 0 135 10 48 43 0 0 0 10 48 44 43 0 372 10 48 44 5 0 33 10 0 80
0 0 0 10 48 34 19 0 135 10 48 34 0 0 0 10 48 34 43 0 372 10 48 34 5 0 33 10 0 80
0 0 0 13 36 34 22 0 137 13 36 34 0 0 0 14 33 34 50 0 381 14 33 34 6 0 35 13 0 87
0 0 0 13 36 30 22 0 138 13 36 30 0 0 0 14 33 31 51 0 382 14 33 31 6 0 35 13 0 87
0 0 0 14 33 29 22 0 138 14 33 29 0 0 0 15 31 29 51 0 382 15 31 29 6 0 35 14 0 87
0 0 0 13 36 31 21 0 135 13 36 31 0 0 0 14 33 31 51 0 382 14 33 31 6 0 33 13 0 87
0 0 0 10 48 28 10 0 87 10 48 28 0 0 0 11 44 30 24 0 247 11 44 30 3 0 23 7 0 60
0 0 0 10 48 26 10 0 87 10 48 26 0 0 0 11 44 28 24 0 247 11 44 28 3 0 23 7 0 60
0 0 0 11 43 29 10 0 87 11 43 29 0 0 0 12 40 30 24 0 247 12 40 30 3 0 24 7 0 60
0 0 0 10 48 26 7 0 59 10 48 26 0 0 0 11 44 28 16 0 191 11 44 28 3 0 21 4 0 42
0 0 0 10 48 28 3 0 29 10 48 28 0 0 0 12 40 31 8 0 87 12 40 31 2 0 13 3 0 35
0 0 0 12 40 29 4 0 29 12 40 29 0 0 0 14 34 29 8 0 87 14 34 29 2 0 13 4 0 35
0 0 0 11 44 28 1 0 16 11 44 28 0 0 0 12 40 28 1 0 17 12 40 28 1 0 8 1 0 8
0 0 0 11 44 29 1 0 11 11 44 29 0 0 0 12 40 29 2 0 18 12 40 29 1 0 7 1 0 7
0 0 0 11 44 27 1 0 11 11 44 27 0 0 0 12 40 27 2 0 18 12 40 27 1 0 7 1 0 7
0 0 0 12 40 26 2 0 15 12 40 26 0 0 0 13 37 26 3 0 24 13 37 26 1 0 7 1 0 8
0 0 0 14 34 27 2 0 16 14 34 27 0 0 0 14 34 26 3 0 28 14 34 26 1 0 8 1 0 9
0 0 0 13 37 28 2 0 15 13 37 28 0 0 0 13 37 27 3 0 28 13 37 27 1 0 8 1 0 8
0 0 0 12 40 37 2 0 15 12 40 37 0 0 0 12 40 36 3 0 28 12 40 36 1 0 7 1 0 8
0 0 0 12 40 49 2 0 15 12 40 49 0 0 0 12 40 48 3 0 28 12 40 48 1 0 7 1 0 8
0 0 0 16 30 49 13 0 119 16 30 49 0 0 0 15 32 50 31 0 405 15 32 50 4 0 32 10 0 134
0 0 0 17 28 48 13 0 119 17 28 48 0 0 0 17 28 48 33 0 405 17 28 48 4 0 32 11 0 135
0 0 0 15 32 50 13 0 119 15 32 50 0 0 0 15 32 50 32 0 405 15 32 50 4 0 32 11 0 135
0 0 0 15 32 53 13 0 119 15 32 53 0 0 0 15 32 53 32 0 405 15 32 53 4 0 32 11 0 135
0 0 0 14 34 55 12 0 119 14 34 55 0 0 0 14 34 55 32 0 405 14 34 55 4 0 32 11 0 135
0 0 0 13 37 58 12 0 119 13 37 58 0 0 0 13 37 58 31 0 405 13 37 58 4 0 32 11 0 135
0 0 0 11 44 52 12 0 119 11 44 52 0 0 0 12 40 51 30 0 404 12 40 51 4 0 32 11 0 135
0 0 0 11 44 48 12 0 119 11 44 48 0 0 0 12 40 48 30 0 404 12 40 48 4 0 32 11 0 135
0 0 0 11 44 53 12 0 119 11 44 53 0 0 0 12 40 52 30 0 404 12 40 52 4 0 32 11 0 135
0 0 0 12 40 58 12 0 119 12 40 58 0 0 0 13 37 56 30 0 404 13 37 56 4 0 32 11 0 135
0 0 0 7 70 62 0 0 7 7 70 62 0 0 0 8 61 62 2 0 25 8 61 62 0 0 6 1 0 19
0 0 0 5 99 57 0 0 6 5 99 57 0 0 0 5 99 56 0 0 6 5 99 56 0 0 4 0 0 4
0 0 0 6 82 68 0 0 6 6 82 68 0 0 0 6 82 67 0 0 6 6 82 67 0 0 5 0 0 5
0 0 0 5 99 63 0 0 6 5 99 63 0 0 0 5 99 62 0 0 6 5 99 62 0 0 4 0 0 4
0 0 0 6 82 67 0 0 6 6 82 67 0 0 0 6 82 67 0 0 6 6 82 67 0 0 5 0 0 5
0 0 0 5 99 52 0 0 6 5 99 52 0 0 0 5 99 53 0 0 6 5 99 53 0 0 4 0 0 4
0 0 0 5 99 40 0 0 6 5 99 40 0 0 0 5 99 40 0 0 6 5 99 40 0 0 4 0 0 4
0 0 0 5 99 50 0 0 6 5 99 50 0 0 0 5 99 49 0 0 6 5 99 49 0 0 4 0 0 4
0 0 0 6 82 67 0 0 7 6 82 67 0 0 0 6 82 66 0 0 7 6 82 66 0 0 5 0 0 5
0 0 0 6 82 67 0 0 6 6 82 67 0 0 0 6 82 66 0 0 6 6 82 66 0 0 5 0 0 5
0 0 0 5 99 53 0 0 6 5 99 53 0 0 0 5 99 52 0 0 6 5 99 52 0 0 4 0 0 4
0 0 0 6 82 64 0 0 6 6 82 64 0 0 0 6 82 62 0 0 6 6 82 62 0 0 5 0 0 5
0 0 0 5 99 57 0 0 6 5 99 57 0 0 0 5 99 56 0 0 6 5 99 56 0 0 4 0 0 4
0 0 0 6 82 67 3 0 66 6 82 67 0 0 0 5 98 60 7 0 154 5 98 60 1 0 10 1 0 31
0 0 0 7 70 61 7 0 90 7 70 61 0 0 0 6 81 58 18 0 226 6 81 58 1 0 13 4 0 51
0 0 0 10 48 48 14 0 120 10 48 48 0 0 0 9 54 48 31 0 290 9 54 48 3 0 22 7 0 62
0 0 0 11 43 39 14 0 120 11 43 39 0 0 0 11 43 39 31 0 290 11 43 39 3 0 22 7 0 62
0 0 0 12 40 36 14 0 120 12 40 36 0 0 0 12 40 36 31 0 290 12 40 36 3 0 22 7 0 62
0 0 0 11 43 39 14 0 120 11 43 39 0 0 0 11 43 39 31 0 290 11 43 39 3 0 22 7 0 62
0 0 0 10 48 41 14 0 120 10 48 41 0 0 0 10 48 42 31 0 290 10 48 42 3 0 22 7 0 62
0 0 0 10 48 49 14 0 120 10 48 49 0 0 0 10 48 50 31 0 290 10 48 50 3 0 22 7 0 62
0 0 0 9 53 65 13 0 120 9 53 65 0 0 0 9 53 65 31 0 290 9 53 65 3 0 22 7 0 62
0 0 0 10 48 75 14 0 120 10 48 75 0 0 0 9 53 78 31 0 290 9 53 78 3 0 22 7 0 62
0 0 0 9 53 77 10 0 100 9 53 77 0 0 0 10 48 76 24 0 247 10 48 76 3 0 21 6 0 54
0 0 0 11 44 72 7 0 79 11 44 72 0 0 0 12 40 71 13 0 183 12 40 71 2 0 19 3 0 36
0 0 0 8 61 79 0 0 7 8 61 79 0 0 0 9 54 78 1 0 8 9 54 78 0 0 6 0 0 7
0 0 0 8 61 80 0 0 6 8 61 80 0 0 0 8 61 81 0 0 6 8 61 81 0 0 6 0 0 6
0 0 0 12 40 66 7 0 82 12 40 66 0 0 0 12 40 66 26 0 388 12 40 66 2 0 15 6 0 75
0 0 0 13 36 50 14 0 116 13 36 50 0 0 0 14 34 50 238 0 3700 14 34 50 3 0 21 29 0 325
0 0 0 13 36 38 14 0 116 13 36 38 0 0 0 14 34 39 238 0 3700 14 34 39 3 0 21 29 0 325
0 0 0 15 31 30 21 0 176 15 31 30 0 0 0 16 29 30 247 0 3703 16 29 30 4 0 27 32 0 330
0 0 0 15 31 27 21 0 176 15 31 27 0 0 0 16 29 27 247 0 3703 16 29 27 4 0 27 32 0 330
0 0 0 15 31 29 21 0 176 15 31 29 0 0 0 17 28 29 247 0 3703 17 28 29 4 0 27 33 0 330
0 0 0 14 34 32 21 0 176 14 34 32 0 0 0 15 31 32 247 0 3703 15 31 32 4 0 27 32 0 330
0 0 0 11 43 42 20 0 176 11 43 42 0 0 0 12 40 42 247 0 3703 12 40 42 4 0 26 32 0 330
0 0 0 12 39 46 20 0 176 12 39 46 0 0 0 13 36 45 247 0 3703 13 36 45 4 0 27 32 0 330
0 0 0 14 34 45 21 0 176 14 34 45 0 0 0 15 31 44 247 0 3703 15 31 44 4 0 27 32 0 330
0 0 0 11 44 47 14 0 156 11 44 47 0 0 0 12 40 46 221 0 3684 12 40 46 3 0 23 27 0 322
0 0 0 11 44 45 7 0 133 11 44 45 0 0 0 11 44 45 10 0 171 11 44 45 1 0 18 3 0 57
0 0 0 12 40 45 7 0 133 12 40 45 0 0 0 12 40 45 10 0 171 12 40 45 1 0 18 3 0 57
0 0 0 13 37 42 1 0 14 13 37 42 0 0 0 13 37 42 2 0 22 13 37 42 1 0 8 1 0 9
0 0 0 15 32 39 2 0 16 15 32 39 0 0 0 15 32 38 3 0 25 15 32 38 1 0 8 1 0 10
0 0 0 15 32 33 7 0 87 15 32 33 0 0 0 15 32 33 12 0 161 15 32 33 2 0 15 3 0 29
0 0 1 20 23 23 20 0 141 20 23 23 0 0 1 18 26 23 192 0 3378 18 26 23 4 0 24 14 0 115
0 0 1 24 19 19 32 0 234 24 19 19 0 0 1 23 20 19 224 0 3418 23 20 19 7 0 37 20 0 135
0 0 1 23 20 20 32 0 234 23 20 20 0 0 1 22 21 20 224 0 3418 22 21 20 7 0 37 20 0 135
0 0 1 20 23 28 32 0 234 20 23 28 0 0 1 19 24 28 224 0 3418 19 24 28 7 0 37 20 0 135
0 0 1 18 26 38 31 0 234 18 26 38 0 0 1 17 27 39 224 0 3418 17 27 39 6 0 37 20 0 135
0 0 1 18 26 44 31 0 234 18 26 44 0 0 1 17 27 44 224 0 3418 17 27 44 6 0 37 20 0 135
0 0 1 17 27 46 31 0 234 17 27 46 0 0 1 16 29 46 224 0 3418 16 29 46 6 0 37 19 0 135
0 0 1 17 27 47 37 0 247 17 27 47 0 0 1 15 31 49 236 0 3428 15 31 49 8 0 42 26 0 193
0 0 1 20 23 45 42 0 261 20 23 45 0 0 1 18 26 47 250 0 3440 18 26 47 9 0 47 33 0 240
0 0 1 21 22 43 37 0 247 21 22 43 0 0 1 19 24 45 242 0 3436 19 24 45 9 0 46 31 0 239
0 0 0 18 26 46 24 0 221 18 26 46 0 0 0 18 26 46 62 0 665 18 26 46 6 0 42 21 0 212
0 0 0 15 32 47 12 0 119 15 32 47 0 0 0 14 34 48 30 0 401 14 34 48 4 0 30 14 0 200
0 0 0 16 30 39 12 0 119 16 30 39 0 0 0 15 32 40 30 0 401 15 32 40 4 0 30 15 0 200
0 0 0 18 26 30 13 0 120 18 26 30 0 0 0 17 28 30 31 0 401 17 28 30 4 0 30 15 0 200
0 0 0 20 23 26 13 0 120 20 23 26 0 0 0 19 25 27 31 0 401 19 25 27 4 0 31 15 0 200
0 0 0 19 25 27 13 0 120 19 25 27 0 0 0 18 26 27 31 0 401 18 26 27 4 0 30 15 0 200
0 0 0 20 23 28 13 0 120 20 23 28 0 0 0 20 23 28 32 0 401 20 23 28 4 0 31 15 0 200
0 0 0 17 28 29 7 0 89 17 28 29 0 0 0 18 26 29 17 0 289 18 26 29 3 0 23 8 0 144
0 0 0 13 37 32 2 0 17 13 37 32 0 0 0 14 34 32 3 0 22 14 34 32 1 0 9 1 0 9
0 0 0 12 40 31 2 0 17 12 40 31 0 0 0 13 37 32 3 0 22 13 37 32 1 0 8 1 0 8
0 0 0 11 44 34 2 0 16 11 44 34 0 0 0 12 40 34 2 0 21 12 40 34 1 0 8 1 0 8
0 0 0 10 48 36 2 0 16 10 48 36 0 0 0 11 44 37 2 0 21 11 44 37 1 0 7 1 0 8
0 0 0 10 48 48 1 0 14 10 48 48 0 0 0 11 44 48 2 0 17 11 44 48 1 0 7 1 0 7
0 0 0 9 54 48 1 0 9 9 54 48 0 0 0 10 49 48 1 0 10 10 49 48 1 0 7 0 0 6
0 0 0 8 61 45 1 0 9 8 61 45 0 0 0 9 54 46 0 0 9 9 54 46 0 0 6 0 0 6
0 0 0 10 49 43 1 0 10 10 49 43 0 0 0 11 44 43 1 0 10 11 44 43 1 0 7 0 0 6
0 0 0 11 44 43 1 0 10 11 44 43 0 0 0 11 44 43 1 0 10 11 44 43 1 0 7 0 0 6
0 0 0 11 44 43 1 0 10 11 44 43 0 0 0 11 44 43 1 0 10 11 44 43 1 0 7 0 0 6
0 0 0 11 44 43 1 0 10 11 44 43 0 0 0 11 44 43 1 0 10 11 44 43 1 0 7 0 0 6
0 0 0 10 49 40 1 0 7 10 49 40 0 0 0 10 49 40 0 0 7 10 49 40 0 0 6 0 0 6
0 0 0 10 49 36 1 0 7 10 49 36 0 0 0 10 49 35 0 0 7 10 49 35 0 0 6 0 0 6
0 0 0 10 49 45 1 0 7 10 49 45 0 0 0 10 49 44 0 0 7 10 49 44 0 0 6 0 0 6
0 0 0 10 49 56 1 0 7 10 49 56 0 0 0 10 49 56 1 0 7 10 49 56 0 0 6 0 0 6
0 0 0 10 49 57 1 0 8 10 49 57 0 0 0 11 44 54 1 0 11 11 44 54 0 0 6 1 0 7
0 0 0 10 49 56 1 0 9 10 49 56 0 0 0 11 44 53 1 0 11 11 44 53 0 0 6 1 0 7
0 0 0 10 49 56 1 0 11 10 49 56 0 0 0 11 44 53 1 0 14 11 44 53 0 0 6 1 0 7
0 0 0 9 54 55 1 0 11 9 54 55 0 0 0 10 49 54 1 0 14 10 49 54 0 0 6 1 0 7
0 0 0 9 54 55 1 0 11 9 54 55 0 0 0 10 49 53 1 0 14 10 49 53 0 0 6 1 0 7
0 0 0 8 61 51 1 0 10 8 61 51 0 0 0 9 54 50 1 0 13 9 54 50 0 0 6 0 0 7
0 0 0 8 61 41 1 0 10 8 61 41 0 0 0 9 54 41 1 0 13 9 54 41 0 0 6 0 0 7
0 0 0 8 61 45 1 0 10 8 61 45 0 0 0 9 54 45 1 0 13 9 54 45 0 0 6 0 0 7
0 0 0 8 61 60 1 0 10 8 61 60 0 0 0 9 54 58 1 0 13 9 54 58 0 0 6 0 0 7
0 0 0 7 70 81 1 0 10 7 70 81 0 0 0 8 61 79 1 0 13 8 61 79 0 0 5 0 0 6
0 0 0 6 82 105 0 0 9 6 82 105 0 0 0 6 82 105 0 0 10 6 82 105 0 0 5 0 0 5
0 0 0 6 82 119 0 0 8 6 82 119 0 0 0 6 82 121 0 0 10 6 82 121 0 0 5 0 0 5
0 0 0 5 99 125 0 0 4 5 99 125 0 0 0 5 99 126 0 0 4 5 99 126 0 0 4 0 0 4
0 0 0 5 99 124 0 0 4 5 99 124 0 0 0 5 99 126 0 0 4 5 99 126 0 0 4 0 0 4
0 0 0 4 124 120 0 0 4 4 124 120 0 0 0 4 124 122 0 0 4 4 124 122 0 0 4 0 0 4
0 0 0 5 99 96 0 0 6 5 99 96 0 0 0 5 99 97 0 0 8 5 99 97 0 0 4 0 0 5
0 0 0 5 99 69 0 0 6 5 99 69 0 0 0 5 99 70 0 0 8 5 99 70 0 0 4 0 0 5
0 0 0 5 99 49 0 0 6 5 99 49 0 0 0 5 99 50 0 0 8 5 99 50 0 0 4 0 0 5
0 0 0 5 99 44 0 0 6 5 99 44 0 0 0 5 99 45 0 0 8 5 99 45 0 0 4 0 0 5
0 0 0 5 99 59 0 0 6 5 99 59 0 0 0 5 99 60 0 0 8 5 99 60 0 0 4 0 0 5
0 0 0 6 82 78 0 0 6 6 82 78 0 0 0 6 82 79 0 0 9 6 82 79 0 0 5 0 0 6
0 0 0 5 99 76 0 0 6 5 99 76 0 0 0 5 99 78 0 0 8 5 99 78 0 0 4 0 0 5
0 0 0 5 99 81 0 0 6 5 99 81 0 0 0 5 99 82 0 0 8 5 99 82 0 0 4 0 0 5
0 0 0 4 124 71 0 0 5 4 124 71 0 0 0 4 124 72 0 0 8 4 124 72 0 0 4 0 0 5
0 0 0 4 124 75 0 0 5 4 124 75 0 0 0 4 124 77 0 0 8 4 124 77 0 0 4 0 0 5
0 0 0 3 166 55 0 0 3 3 166 55 0 0 0 3 166 57 0 0 3 3 166 57 0 0 3 0 0 3
0 0 0 3 166 48 0 0 3 3 166 48 0 0 0 3 166 50 0 0 3 3 166 50 0 0 3 0 0 3
0 0 0 3 166 70 0 0 3 3 166 70 0 0 0 3 166 71 0 0 3 3 166 71 0 0 3 0 0 3
0 0 0 3 166 104 0 0 3 3 166 104 0 0 0 3 166 104 0 0 3 3 166 104 0 0 3 0 0 3
0 0 0 6 82 117 4 0 63 6 82 117 0 0 0 5 98 121 2 0 34 5 98 121 0 0 6 0 0 5
0 0 1 8 61 106 22 0 218 8 61 106 0 0 0 8 61 106 55 0 1008 8 61 106 2 0 21 8 0 143
0 0 1 9 54 101 22 0 218 9 54 101 0 0 0 9 54 101 55 0 1008 9 54 101 2 0 21 8 0 143
0 0 1 8 61 101 22 0 218 8 61 101 0 0 0 8 61 101 55 0 1008 8 61 101 2 0 21 8 0 143
0 0 1 8 61 88 22 0 218 8 61 88 0 0 0 8 61 88 55 0 1008 8 61 88 2 0 21 8 0 143
0 0 1 9 54 74 26 0 231 9 54 74 0 0 0 9 53 74 69 0 1046 9 53 74 3 0 26 12 0 171
0 0 1 15 32 52 36 0 259 15 32 52 0 0 0 14 34 53 98 0 1191 14 34 53 5 0 35 26 0 332
0 0 1 15 32 46 36 0 259 15 32 46 0 0 0 14 34 46 98 0 1191 14 34 46 5 0 35 26 0 332
0 0 1 15 32 46 36 0 259 15 32 46 0 0 0 14 34 47 98 0 1191 14 34 47 5 0 35 26 0 332
0 0 1 15 32 53 36 0 259 15 32 53 0 0 0 14 34 54 98 0 1191 14 34 54 5 0 35 26 0 332
0 0 1 12 40 58 32 0 252 12 40 58 0 0 0 12 40 59 96 0 1190 12 40 59 5 0 34 26 0 332
0 0 0 11 44 59 14 0 142 11 44 59 0 0 0 10 48 61 43 0 636 10 48 61 3 0 28 18 0 300
0 0 0 10 48 59 14 0 142 10 48 59 0 0 0 9 54 61 43 0 636 9 54 61 3 0 28 18 0 300
0 0 0 10 48 58 14 0 142 10 48 58 0 0 0 9 54 59 43 0 636 9 54 59 3 0 28 18 0 300
0 0 0 10 48 65 14 0 142 10 48 65 0 0 0 9 54 66 43 0 636 9 54 66 3 0 28 18 0 300
0 0 0 12 40 61 10 0 119 12 40 61 0 0 0 12 40 62 29 0 571 12 40 62 2 0 24 14 0 285
0 0 0 6 82 60 0 0 8 6 82 60 0 0 0 7 70 63 1 0 11 7 70 63 0 0 5 0 0 6
0 0 0 6 82 56 0 0 8 6 82 56 0 0 0 7 70 58 1 0 11 7 70 58 0 0 5 0 0 6
0 0 0 6 82 65 0 0 8 6 82 65 0 0 0 7 70 66 1 0 11 7 70 66 0 0 5 0 0 6
0 0 0 6 82 84 0 0 8 6 82 84 0 0 0 7 70 81 1 0 11 7 70 81 0 0 5 0 0 6
0 0 0 6 82 95 0 0 8 6 82 95 0 0 0 7 70 92 1 0 11 7 70 92 0 0 5 0 0 6
0 0 0 5 99 94 0 0 8 5 99 94 0 0 0 6 82 93 0 0 11 6 82 93 0 0 5 0 0 6
0 0 0 5 99 90 0 0 8 5 99 90 0 0 0 6 82 89 0 0 11 6 82 89 0 0 5 0 0 6
0 0 0 5 99 97 0 0 8 5 99 97 0 0 0 6 82 95 0 0 11 6 82 95 0 0 5 0 0 6
0 0 0 6 82 95 1 0 9 6 82 95 0 0 0 7 70 92 1 0 12 7 70 92 0 0 6 0 0 6
0 0 0 4 124 79 0 0 5 4 124 79 0 0 0 4 124 80 0 0 5 4 124 80 0 0 4 0 0 4
0 0 0 4 124 56 0 0 5 4 124 56 0 0 0 4 124 55 0 0 5 4 124 55 0 0 4 0 0 4
0 0 0 4 124 49 0 0 5 4 124 49 0 0 0 4 124 47 0 0 5 4 124 47 0 0 4 0 0 4
0 0 0 4 124 65 0 0 5 4 124 65 0 0 0 4 124 62 0 0 5 4 124 62 0 0 4 0 0 4
0 0 0 5 99 89 0 0 6 5 99 89 0 0 0 5 99 88 0 0 6 5 99 88 0 0 4 0 0 4
0 0 0 4 124 80 0 0 5 4 124 80 0 0 0 4 124 78 0 0 5 4 124 78 0 0 4 0 0 4
0 0 0 4 124 74 0 0 5 4 124 74 0 0 0 6 82 78 0 0 6 6 82 78 0 0 4 0 0 4
0 0 0 5 99 77 0 0 7 5 99 77 0 0 0 7 70 73 0 0 10 7 70 73 0 0 4 0 0 5
0 0 0 4 124 75 0 0 7 4 124 75 0 0 0 7 70 77 0 0 10 7 70 77 0 0 4 0 0 5
0 0 0 3 166 51 0 0 5 3 166 51 0 0 0 5 99 85 0 0 9 5 99 85 0 0 3 0 0 4
0 0 0 3 166 36 0 0 5 3 166 36 0 0 0 5 99 80 0 0 9 5 99 80 0 0 3 0 0 4
0 0 0 3 166 58 0 0 5 3 166 58 0 0 0 5 99 87 0 0 9 5 99 87 0 0 3 0 0 4
0 0 0 3 166 93 0 0 5 3 166 93 0 0 0 5 99 104 0 0 9 5 99 104 0 0 3 0 0 4
0 0 0 4 124 126 0 0 5 4 124 126 0 0 0 6 82 116 0 0 9 6 82 116 0 0 4 0 0 5
0 0 0 3 166 119 0 0 5 3 166 119 0 0 0 5 99 120 0 0 9 5 99 120 0 0 3 0 0 4
0 0 0 3 166 121 0 0 5 3 166 121 0 0 0 5 99 123 0 0 9 5 99 123 0 0 3 0 0 4
0 0 0 3 166 135 0 0 5 3 166 135 0 0 0 3 166 135 0 0 9 3 166 135 0 0 3 0 0 3
0 0 0 2 249 37 0 0 2 2 249 37 0 0 0 2 249 38 0 0 2 2 249 38 0 0 2 0 0 2
0 0 0 2 249 12 0 0 2 2 249 12 0 0 0 2 249 11 0 0 2 2 249 11 0 0 2 0 0 2
0 0 0 2 249 62 0 0 2 2 249 62 0 0 0 2 249 61 0 0 2 2 249 61 0 0 2 0 0 2
0 0 0 2 249 112 0 0 2 2 249 112 0 0 0 2 249 111 0 0 2 2 249 111 0 0 2 0 0 2
0 0 0 2 249 162 0 0 2 2 249 162 0 0 0 2 249 161 0 0 2 2 249 161 0 0 2 0 0 2
0 0 0 3 166 201 0 0 3 3 166 201 0 0 0 3 166 200 0 0 3 3 166 200 0 0 3 0 0 3
0 0 0 2 249 188 0 0 2 2 249 188 0 0 0 2 249 188 0 0 2 2 249 188 0 0 2 0 0 2
0 0 0 2 249 138 0 0 2 2 249 138 0 0 0 2 249 138 0 0 2 2 249 138 0 0 2 0 0 2
0 0 0 2 249 88 0 0 2 2 249 88 0 0 0 2 249 88 0 0 2 2 249 88 0 0 2 0 0 2
0 0 0 2 249 38 0 0 2 2 249 38 0 0 0 2 249 38 0 0 2 2 249 38 0 0 2 0 0 2
0 0 0 2 249 11 0 0 2 2 249 11 0 0 0 2 249 11 0 0 2 2 249 11 0 0 2 0 0 2
0 0 0 2 249 61 0 0 2 2 249 61 0 0 0 2 249 61 0 0 2 2 249 61 0 0 2 0 0 2
0 0 0 2 249 111 0 0 2 2 249 111 0 0 0 2 249 111 0 0 2 2 249 111 0 0 2 0 0 2
0 0 0 2 249 161 0 0 2 2 249 161 0 0 0 2 249 161 0 0 2 2 249 161 0 0 2 0 0 2
0 0 0 3 166 201 0 0 3 3 166 201 0 0 0 3 166 201 0 0 3 3 166 201 0 0 3 0 0 3
0 0 0 2 249 189 0 0 2 2 249 189 0 0 0 2 249 189 0 0 2 2 249 189 0 0 2 0 0 2
0 0 0 2 249 139 0 0 2 2 249 139 0 0 0 2 249 139 0 0 2 2 249 139 0 0 2 0 0 2
0 0 0 3 165 136 3 0 51 3 165 136 0 0 0 3 165 136 8 0 181 3 165 136 0 0 11 1 0 30
0 0 0 4 123 109 3 0 52 4 123 109 0 0 0 4 123 109 9 0 182 4 123 109 1 0 13 2 0 32
0 0 0 4 123 84 3 0 52 4 123 84 0 0 0 4 123 84 9 0 182 4 123 84 1 0 13 2 0 32
0 0 0 4 123 69 3 0 52 4 123 69 0 0 0 4 123 69 9 0 182 4 123 69 1 0 13 2 0 32
0 0 0 4 123 71 3 0 52 4 123 71 0 0 0 4 123 71 9 0 182 4 123 71 1 0 13 2 0 32
0 0 0 4 123 88 3 0 52 4 123 88 0 0 0 4 123 88 9 0 182 4 123 88 1 0 13 2 0 32
0 0 0 11 43 79 23 0 214 11 43 79 0 0 0 10 48 82 63 0 579 10 48 82 4 0 31 18 0 172
0 0 0 12 40 75 25 0 221 12 40 75 0 0 0 10 48 80 63 0 579 10 48 80 5 0 40 18 0 172
0 0 0 12 40 72 25 0 221 12 40 72 0 0 0 10 48 77 63 0 579 10 48 77 5 0 40 18 0 172
0 0 0 16 29 63 31 0 235 16 29 63 0 0 0 15 31 65 73 0 602 15 31 65 8 0 58 26 0 236
0 0 0 15 31 65 27 0 230 15 31 65 0 0 0 15 32 65 65 0 575 15 32 65 8 0 57 25 0 234
0 0 0 15 32 57 27 0 230 15 32 57 0 0 0 14 34 58 64 0 575 14 34 58 7 0 57 24 0 234
0 0 0 16 29 47 28 0 230 16 29 47 0 0 0 15 32 48 65 0 575 15 32 48 7 0 57 24 0 234
0 0 0 16 29 41 28 0 230 16 29 41 0 0 0 15 32 42 65 0 575 15 32 42 7 0 57 24 0 234
0 0 0 17 28 36 28 0 230 17 28 36 0 0 0 16 29 37 65 0 575 16 29 37 7 0 57 25 0 234
0 0 0 19 25 37 28 0 230 19 25 37 0 0 0 17 28 38 65 0 575 17 28 38 8 0 57 25 0 234
0 0 0 13 37 40 9 0 100 13 37 40 0 0 0 13 37 40 12 0 169 13 37 40 4 0 49 9 0 162
0 0 0 11 44 40 6 0 85 11 44 40 0 0 0 12 40 39 11 0 168 12 40 39 3 0 42 9 0 162
0 0 0 11 44 47 6 0 85 11 44 47 0 0 0 12 40 46 11 0 168 12 40 46 3 0 42 9 0 162
0 0 0 7 70 61 1 0 17 7 70 61 0 0 0 7 70 60 1 0 18 7 70 60 0 0 5 0 0 6
0 0 0 6 82 74 1 0 17 6 82 74 0 0 0 6 82 73 1 0 18 6 82 73 0 0 5 0 0 6
0 0 0 6 82 95 1 0 17 6 82 95 0 0 0 6 82 94 1 0 18 6 82 94 0 0 5 0 0 6
0 0 0 5 99 120 0 0 8 5 99 120 0 0 0 5 99 119 0 0 11 5 99 119 0 0 4 0 0 5
0 0 0 5 99 145 0 0 8 5 99 145 0 0 0 5 99 144 0 0 11 5 99 144 0 0 4 0 0 5
0 0 0 5 99 162 0 0 7 5 99 162 0 0 0 5 99 161 0 0 7 5 99 161 0 0 4 0 0 4
0 0 0 8 61 137 10 0 101 8 61 137 0 0 0 7 70 143 19 0 237 7 70 143 2 0 22 5 0 54
0 0 0 10 48 114 17 0 138 10 48 114 0 0 0 10 48 114 44 0 565 10 48 114 4 0 26 8 0 76
0 0 0 11 43 94 20 0 155 11 43 94 0 0 0 11 44 94 52 0 594 11 44 94 4 0 28 9 0 80
0 0 0 11 43 81 20 0 155 11 43 81 0 0 0 11 44 82 52 0 594 11 44 82 4 0 28 9 0 80
0 0 0 11 43 73 20 0 155 11 43 73 0 0 0 11 44 73 52 0 594 11 44 73 4 0 28 9 0 80
0 0 0 11 43 71 20 0 155 11 43 71 0 0 0 11 44 70 52 0 594 11 44 70 4 0 28 9 0 80
0 0 0 11 43 74 20 0 155 11 43 74 0 0 0 12 40 66 52 0 594 12 40 66 4 0 28 9 0 80
2 0 14 12 39 74 130 0 784 12 39 74 2 0 16 14 33 57 16043 0 111074 14 33 57 6 0 30 190 0 1278
2 0 14 14 33 67 130 0 784 14 33 67 2 0 16 16 29 52 16044 0 111074 16 29 52 6 0 31 190 0 1278
2 0 14 15 31 65 131 0 784 15 31 65 2 0 16 17 27 51 16045 0 111074 17 27 51 6 0 31 191 0 1277
3 0 16 15 29 65 309 0 1594 15 29 65 3 0 18 19 23 49 29207 0 141953 19 23 49 20 0 141 523 0 2285
3 0 16 17 26 62 316 0 1596 17 26 62 3 0 18 21 21 47 29671 0 141993 21 21 47 22 0 147 579 0 2394
