30 35 45 33 1 1 235777 183998 1412986 33 1 1 30 35 45 33 1 1 235777 183998 1412986 33 1 1 3949 4778 3060 3949 4778 3060
28 35 14 29 1 0 138171 184002 78353 29 1 0 28 35 14 29 1 0 138171 184002 78353 29 1 0 3893 4804 2139 3893 4804 2139
28 35 14 30 1 0 138368 184299 78104 30 1 0 28 35 14 30 1 0 138368 184299 78104 30 1 0 3905 4798 2129 3905 4798 2129
26 35 16 27 2 6 130207 184077 90903 27 2 6 26 35 16 27 2 6 130207 184077 90903 27 2 6 3636 4733 2306 3636 4733 2306
23 34 17 22 4 17 116079 183551 95644 22 4 17 23 34 17 22 4 17 116079 183551 95644 22 4 17 3238 4602 2451 3238 4602 2451
20 31 18 19 8 29 102311 181807 98124 19 8 29 20 31 18 19 8 29 102311 181807 98124 19 8 29 2868 4461 2542 2868 4461 2542
17 5 18 16 12 44 88479 793 98880 16 12 44 17 5 18 16 12 44 88479 793 98880 16 12 44 2472 158 2556 2472 158 2556
15 3 18 13 19 62 74808 208 97582 13 19 62 15 3 18 13 19 62 74808 208 97582 13 19 62 2079 59 2509 2079 59 2509
12 0 17 9 32 88 60622 0 93412 9 32 88 12 0 17 9 32 88 60622 0 93412 9 32 88 1699 0 2405 1699 0 2405
9 0 16 10 34 84 47041 0 87363 10 34 84 9 0 16 10 34 84 47041 0 87363 10 34 84 1320 0 2225 1320 0 2225
6 0 14 5 77 109 33234 0 78724 5 77 109 6 0 14 5 77 109 33234 0 78724 5 77 109 937 0 1971 937 0 1971
3 0 11 5 87 113 19279 0 66769 5 87 113 3 0 11 5 87 113 19279 0 66769 5 87 113 531 0 1566 531 0 1566
1 0 6 2 241 41 5585 0 48692 2 241 41 1 0 6 2 241 41 5585 0 48692 2 241 41 128 0 823 128 0 823
0 0 0 2 249 1 9 0 179 2 249 1 0 0 0 2 249 1 9 0 179 2 249 1 1 0 17 1 0 17
0 0 0 2 248 50 18 0 275 2 248 50 0 0 0 2 248 50 18 0 275 2 248 50 1 0 22 1 0 22
0 0 1 4 124 113 290 0 6068 4 124 113 0 0 1 4 124 113 290 0 6068 4 124 113 10 0 203 10 0 203
0 0 1 4 124 107 290 0 6068 4 124 107 0 0 1 4 124 107 290 0 6068 4 124 107 10 0 203 10 0 203
0 0 1 4 124 112 290 0 6068 4 124 112 0 0 1 4 124 112 290 0 6068 4 124 112 10 0 203 10 0 203
0 0 1 3 166 121 280 0 6066 3 166 121 0 0 1 3 166 121 280 0 6066 3 166 121 9 0 202 9 0 202
0 0 1 3 166 113 280 0 6066 3 166 113 0 0 1 3 166 113 280 0 6066 3 166 113 9 0 202 9 0 202
0 0 1 3 165 119 290 0 6069 3 165 119 0 0 1 3 165 119 290 0 6069 3 165 119 10 0 202 10 0 202
0 0 1 4 124 109 290 0 6069 4 124 109 0 0 1 4 124 109 290 0 6069 4 124 109 10 0 202 10 0 202
0 0 1 4 124 104 290 0 6069 4 124 104 0 0 1 4 124 104 290 0 6069 4 124 104 10 0 202 10 0 202
0 0 1 4 124 110 290 0 6069 4 124 110 0 0 1 4 124 110 290 0 6069 4 124 110 10 0 202 10 0 202
0 0 1 3 166 119 280 0 6066 3 166 119 0 0 1 3 166 119 280 0 6066 3 166 119 9 0 202 9 0 202
0 0 0 2 249 0 9 0 206 2 249 0 0 0 0 2 249 0 9 0 206 2 249 0 0 0 13 0 0 13
0 0 0 2 249 50 18 0 295 2 249 50 0 0 0 2 249 50 18 0 295 2 249 50 1 0 19 1 0 19
0 0 3 4 124 113 1429 0 31521 4 124 113 0 0 3 4 124 113 1429 0 31521 4 124 113 19 0 399 19 0 399
0 0 3 4 124 106 1429 0 31521 4 124 106 0 0 3 4 124 106 1429 0 31521 4 124 106 19 0 399 19 0 399
0 0 3 4 124 111 1429 0 31521 4 124 111 0 0 3 4 124 111 1429 0 31521 4 124 111 19 0 399 19 0 399
0 0 3 3 166 119 1420 0 31521 3 166 119 0 0 3 3 166 119 1420 0 31521 3 166 119 18 0 399 18 0 399
0 0 3 3 166 111 1420 0 31521 3 166 111 0 0 3 3 166 111 1420 0 31521 3 166 111 18 0 399 18 0 399
0 0 3 3 165 116 1428 0 31521 3 165 116 0 0 3 3 165 116 1428 0 31521 3 165 116 19 0 399 19 0 399
0 0 3 4 124 108 1429 0 31521 4 124 108 0 0 3 4 124 108 1429 0 31521 4 124 108 19 0 399 19 0 399
0 0 3 4 124 102 1429 0 31521 4 124 102 0 0 3 4 124 102 1429 0 31521 4 124 102 19 0 399 19 0 399
0 0 3 4 124 108 1429 0 31521 4 124 108 0 0 3 4 124 108 1429 0 31521 4 124 108 19 0 399 19 0 399
0 0 3 3 165 116 1420 0 31521 3 165 116 0 0 3 3 165 116 1420 0 31521 3 165 116 18 0 399 18 0 399
0 0 0 2 249 0 9 0 187 2 249 0 0 0 0 2 249 0 9 0 187 2 249 0 0 0 16 0 0 16
0 0 0 2 249 50 9 0 187 2 249 50 0 0 0 2 249 50 9 0 187 2 249 50 0 0 16 0 0 16
3 0 46 5 98 113 98395 0 1443655 5 98 113 3 0 46 5 98 113 98395 0 1443655 5 98 113 198 0 2363 198 0 2363
3 0 46 5 98 108 98395 0 1443655 5 98 108 3 0 46 5 98 108 98395 0 1443655 5 98 108 198 0 2363 198 0 2363
3 0 46 5 98 111 98395 0 1443655 5 98 111 3 0 46 5 98 111 98395 0 1443655 5 98 111 198 0 2363 198 0 2363
3 0 46 4 123 126 98387 0 1443656 4 123 126 3 0 46 4 123 126 98387 0 1443656 4 123 126 197 0 2363 197 0 2363
3 0 46 4 123 120 98386 0 1443656 4 123 120 3 0 46 4 123 120 98386 0 1443656 4 123 120 197 0 2363 197 0 2363
3 0 46 4 123 124 98386 0 1443656 4 123 124 3 0 46 4 123 124 98386 0 1443656 4 123 124 197 0 2363 197 0 2363
3 0 46 5 98 108 98396 0 1443655 5 98 108 3 0 46 5 98 108 98396 0 1443655 5 98 108 197 0 2363 197 0 2363
3 0 46 5 98 103 98396 0 1443655 5 98 103 3 0 46 5 98 103 98396 0 1443655 5 98 103 197 0 2363 197 0 2363
3 0 46 5 98 108 98396 0 1443655 5 98 108 3 0 46 5 98 108 98396 0 1443655 5 98 108 197 0 2363 197 0 2363
3 0 46 4 123 124 98396 0 1443655 4 123 124 3 0 46 4 123 124 98396 0 1443655 4 123 124 197 0 2363 197 0 2363
0 0 0 2 249 0 9 0 215 2 249 0 0 0 0 2 249 0 9 0 215 2 249 0 0 0 13 0 0 13
0 0 0 2 249 49 9 0 215 2 249 49 0 0 0 2 249 49 9 0 215 2 249 49 0 0 13 0 0 13
0 0 3 4 124 113 942 0 20622 4 124 113 0 0 3 4 124 113 942 0 20622 4 124 113 15 0 322 15 0 322
0 0 3 4 124 106 942 0 20622 4 124 106 0 0 3 4 124 106 942 0 20622 4 124 106 15 0 322 15 0 322
0 0 3 4 124 110 942 0 20622 4 124 110 0 0 3 4 124 110 942 0 20622 4 124 110 15 0 322 15 0 322
0 0 3 3 165 118 942 0 20622 3 165 118 0 0 3 3 165 118 942 0 20622 3 165 118 15 0 322 15 0 322
0 0 2 3 166 109 932 0 20621 3 166 109 0 0 2 3 166 109 932 0 20621 3 166 109 15 0 322 15 0 322
0 0 2 3 166 114 932 0 20621 3 166 114 0 0 2 3 166 114 932 0 20621 3 166 114 15 0 322 15 0 322
0 0 2 4 124 106 941 0 20621 4 124 106 0 0 2 4 124 106 941 0 20621 4 124 106 16 0 323 16 0 323
0 0 2 4 124 100 941 0 20621 4 124 100 0 0 2 4 124 100 941 0 20621 4 124 100 16 0 323 16 0 323
0 0 2 4 124 105 941 0 20621 4 124 105 0 0 2 4 124 105 941 0 20621 4 124 105 16 0 323 16 0 323
0 0 2 3 165 114 941 0 20621 3 165 114 0 0 2 3 165 114 941 0 20621 3 165 114 16 0 323 16 0 323
0 0 0 2 249 1 9 0 151 2 249 1 0 0 0 2 249 1 9 0 151 2 249 1 1 0 21 1 0 21
0 0 0 2 249 49 9 0 151 2 249 49 0 0 0 2 249 49 9 0 151 2 249 49 1 0 21 1 0 21
1 0 6 6 79 117 6476 0 34091 6 79 117 1 0 6 6 79 117 6476 0 34091 6 79 117 186 0 958 186 0 958
3 0 10 11 39 91 18536 0 53810 11 39 91 3 0 10 11 39 91 18536 0 53810 11 39 91 541 0 1553 541 0 1553
6 0 13 15 25 77 30579 0 65525 15 25 77 6 0 13 15 25 77 30579 0 65525 15 25 77 903 0 1902 903 0 1902
9 0 15 16 21 75 43069 0 74785 16 21 75 9 0 15 16 21 75 43069 0 74785 16 21 75 1257 0 2147 1257 0 2147
11 0 16 20 14 57 53921 0 78706 20 14 57 11 0 16 20 14 57 53921 0 78706 20 14 57 1591 0 2277 1591 0 2277
14 2 16 25 9 41 64700 146 80593 25 9 41 14 2 16 25 9 41 64700 146 80593 25 9 41 1928 57 2345 1928 57 2345
16 5 16 27 7 30 76715 793 82548 27 7 30 16 5 16 27 7 30 76715 793 82548 27 7 30 2287 158 2392 2287 158 2392
19 27 16 32 4 19 88880 147893 83003 32 4 19 19 27 16 32 4 19 88880 147893 83003 32 4 19 2634 4130 2385 2634 4130 2385
22 32 16 34 3 10 101763 149490 81679 34 3 10 22 32 16 34 3 10 101763 149490 81679 34 3 10 3015 4318 2334 3015 4318 2334
24 33 15 37 1 2 114146 156230 78627 37 1 2 24 33 15 37 1 2 114146 156230 78627 37 1 2 3364 4432 2225 3364 4432 2225
26 33 14 33 1 0 120782 171394 76131 33 1 0 26 33 14 33 1 0 120782 171394 76131 33 1 0 3554 4521 2149 3554 4521 2149
26 33 14 33 1 0 121984 171614 76637 33 1 0 26 33 14 33 1 0 121984 171614 76637 33 1 0 3570 4535 2146 3570 4535 2146
25 33 15 33 1 3 117582 172533 81623 33 1 3 25 33 15 33 1 3 117582 172533 81623 33 1 3 3399 4508 2242 3399 4508 2242
22 32 16 31 3 12 105092 149679 84996 31 3 12 22 32 16 31 3 12 105092 149679 84996 31 3 12 3046 4343 2356 3046 4343 2356
20 29 17 27 5 23 94230 149272 87948 27 5 23 20 29 17 27 5 23 94230 149272 87948 27 5 23 2710 4222 2440 2710 4222 2440
17 5 17 22 8 35 83451 793 89838 22 8 35 17 5 17 22 8 35 83451 793 89838 22 8 35 2373 158 2483 2373 158 2483
14 4 17 20 12 48 71436 244 88960 20 12 48 14 4 17 20 12 48 71436 244 88960 20 12 48 2014 61 2450 2014 61 2450
12 0 17 15 19 67 59271 0 86105 15 19 67 12 0 17 15 19 67 59271 0 86105 15 19 67 1667 0 2368 1667 0 2368
9 0 16 13 25 85 46389 0 80854 13 25 85 9 0 16 13 25 85 46389 0 80854 13 25 85 1286 0 2196 1286 0 2196
7 0 14 10 38 111 34006 0 73133 10 38 111 7 0 14 10 38 111 34006 0 73133 10 38 111 938 0 1968 938 0 1968
4 0 12 9 47 132 20903 0 60754 9 47 132 4 0 12 9 47 132 20903 0 60754 9 47 132 562 0 1580 562 0 1580
1 0 7 4 119 204 7640 0 40812 4 119 204 1 0 7 4 119 204 7640 0 40812 4 119 204 191 0 963 191 0 963
0 0 0 1 500 0 0 0 0 1 500 0 0 0 0 1 500 0 0 0 0 1 500 0 0 0 0 0 0 0
0 0 0 1 500 0 0 0 0 1 500 0 0 0 0 1 500 0 0 0 0 1 500 0 0 0 0 0 0 0
1 0 15 3 165 208 24940 0 384369 3 165 208 1 0 15 3 165 208 24940 0 384369 3 165 208 117 0 1711 117 0 1711
1 0 15 3 165 175 24940 0 384369 3 165 175 1 0 15 3 165 175 24940 0 384369 3 165 175 117 0 1711 117 0 1711
1 0 15 3 165 146 24940 0 384369 3 165 146 1 0 15 3 165 146 24940 0 384369 3 165 146 117 0 1711 117 0 1711
1 0 15 3 165 124 24940 0 384369 3 165 124 1 0 15 3 165 124 24940 0 384369 3 165 124 117 0 1711 117 0 1711
1 0 15 3 165 112 24940 0 384369 3 165 112 1 0 15 3 165 112 24940 0 384369 3 165 112 117 0 1711 117 0 1711
1 0 15 3 165 115 24940 0 384369 3 165 115 1 0 15 3 165 115 24940 0 384369 3 165 115 117 0 1711 117 0 1711
1 0 15 3 165 131 24940 0 384369 3 165 131 1 0 15 3 165 131 24940 0 384369 3 165 131 117 0 1711 117 0 1711
1 0 15 3 165 157 24940 0 384369 3 165 157 1 0 15 3 165 157 24940 0 384369 3 165 157 117 0 1711 117 0 1711
1 0 15 3 165 188 24940 0 384369 3 165 188 1 0 15 3 165 188 24940 0 384369 3 165 188 117 0 1711 117 0 1711
1 0 15 3 165 222 24940 0 384369 3 165 222 1 0 15 3 165 222 24940 0 384369 3 165 222 117 0 1711 117 0 1711
0 0 0 1 500 0 0 0 0 1 500 0 0 0 0 1 500 0 0 0 0 1 500 0 0 0 0 0 0 0
0 0 0 1 500 0 0 0 0 1 500 0 0 0 0 1 500 0 0 0 0 1 500 0 0 0 0 0 0 0
0 0 2 2 249 222 991 0 22019 2 249 222 0 0 2 2 249 222 991 0 22019 2 249 222 17 0 361 17 0 361
0 0 2 2 249 172 991 0 22019 2 249 172 0 0 2 2 249 172 991 0 22019 2 249 172 17 0 361 17 0 361
0 0 2 2 249 122 991 0 22019 2 249 122 0 0 2 2 249 122 991 0 22019 2 249 122 17 0 361 17 0 361
0 0 2 2 249 72 991 0 22019 2 249 72 0 0 2 2 249 72 991 0 22019 2 249 72 17 0 361 17 0 361
0 0 2 2 249 22 991 0 22019 2 249 22 0 0 2 2 249 22 991 0 22019 2 249 22 17 0 361 17 0 361
0 0 2 2 249 28 991 0 22019 2 249 28 0 0 2 2 249 28 991 0 22019 2 249 28 17 0 361 17 0 361
0 0 2 3 165 93 1000 0 22019 3 165 93 0 0 2 3 165 93 1000 0 22019 3 165 93 17 0 361 17 0 361
0 0 2 3 165 79 1000 0 22019 3 165 79 0 0 2 3 165 79 1000 0 22019 3 165 79 17 0 361 17 0 361
0 0 2 3 165 85 1000 0 22019 3 165 85 0 0 2 3 165 85 1000 0 22019 3 165 85 17 0 361 17 0 361
0 0 2 3 165 107 1000 0 22019 3 165 107 0 0 2 3 165 107 1000 0 22019 3 165 107 17 0 361 17 0 361
0 0 0 2 249 1 9 0 207 2 249 1 0 0 0 2 249 1 9 0 207 2 249 1 0 0 12 0 0 12
0 0 0 2 249 48 9 0 207 2 249 48 0 0 0 2 249 48 9 0 207 2 249 48 0 0 12 0 0 12
0 0 1 3 165 121 550 0 11504 3 165 121 0 0 1 3 165 121 550 0 11504 3 165 121 16 0 308 16 0 308
0 0 1 3 165 110 550 0 11504 3 165 110 0 0 1 3 165 110 550 0 11504 3 165 110 16 0 308 16 0 308
0 0 1 3 165 113 550 0 11504 3 165 113 0 0 1 3 165 113 550 0 11504 3 165 113 16 0 308 16 0 308
0 0 1 3 165 130 550 0 11504 3 165 130 0 0 1 3 165 130 550 0 11504 3 165 130 16 0 308 16 0 308
0 0 1 2 249 24 541 0 11502 2 249 24 0 0 1 2 249 24 541 0 11502 2 249 24 16 0 308 16 0 308
0 0 1 2 249 26 541 0 11502 2 249 26 0 0 1 2 249 26 541 0 11502 2 249 26 16 0 308 16 0 308
0 0 1 2 249 76 541 0 11502 2 249 76 0 0 1 2 249 76 541 0 11502 2 249 76 16 0 308 16 0 308
0 0 1 2 249 126 541 0 11502 2 249 126 0 0 1 2 249 126 541 0 11502 2 249 126 16 0 308 16 0 308
0 0 1 2 249 176 541 0 11502 2 249 176 0 0 1 2 249 176 541 0 11502 2 249 176 16 0 308 16 0 308
0 0 1 2 249 226 541 0 11502 2 249 226 0 0 1 2 249 226 541 0 11502 2 249 226 16 0 308 16 0 308
0 0 0 1 500 0 0 0 0 1 500 0 0 0 0 1 500 0 0 0 0 1 500 0 0 0 0 0 0 0
0 0 0 1 500 0 0 0 0 1 500 0 0 0 0 1 500 0 0 0 0 1 500 0 0 0 0 0 0 0
0 0 1 2 249 226 541 0 12059 2 249 226 0 0 1 2 249 226 541 0 12059 2 249 226 13 0 287 13 0 287
0 0 1 2 249 176 541 0 12059 2 249 176 0 0 1 2 249 176 541 0 12059 2 249 176 13 0 287 13 0 287
0 0 1 2 249 126 541 0 12059 2 249 126 0 0 1 2 249 126 541 0 12059 2 249 126 13 0 287 13 0 287
0 0 1 2 249 76 541 0 12059 2 249 76 0 0 1 2 249 76 541 0 12059 2 249 76 13 0 287 13 0 287
0 0 1 2 249 26 541 0 12059 2 249 26 0 0 1 2 249 26 541 0 12059 2 249 26 13 0 287 13 0 287
0 0 1 2 249 24 541 0 12059 2 249 24 0 0 1 2 249 24 541 0 12059 2 249 24 13 0 287 13 0 287
0 0 1 2 249 74 541 0 12059 2 249 74 0 0 1 2 249 74 541 0 12059 2 249 74 13 0 287 13 0 287
0 0 1 2 249 124 541 0 12059 2 249 124 0 0 1 2 249 124 541 0 12059 2 249 124 13 0 287 13 0 287
0 0 1 2 249 174 541 0 12059 2 249 174 0 0 1 2 249 174 541 0 12059 2 249 174 13 0 287 13 0 287
0 0 1 2 249 224 541 0 12059 2 249 224 0 0 1 2 249 224 541 0 12059 2 249 224 13 0 287 13 0 287
0 0 0 1 500 0 0 0 0 1 500 0 0 0 0 1 500 0 0 0 0 1 500 0 0 0 0 0 0 0
0 0 0 1 500 0 0 0 0 1 500 0 0 0 0 1 500 0 0 0 0 1 500 0 0 0 0 0 0 0
5 0 71 3 160 215 158759 0 2362276 3 160 215 5 0 71 3 160 215 158759 0 2362276 3 160 215 280 0 2392 280 0 2392
8 0 71 7 62 144 171488 0 2361855 7 62 144 8 0 71 7 62 144 171488 0 2361855 7 62 144 647 0 2684 647 0 2684
11 0 71 8 48 120 183764 0 2361361 8 48 120 11 0 71 8 48 120 183764 0 2361361 8 48 120 1021 0 2901 1021 0 2901
13 0 71 14 24 80 196066 0 2360802 14 24 80 13 0 71 14 24 80 196066 0 2360802 14 24 80 1386 0 3047 1386 0 3047
16 0 71 17 17 62 208327 0 2360193 17 17 62 16 0 71 17 17 62 208327 0 2360193 17 17 62 1745 0 3152 1745 0 3152
19 3 71 18 13 49 220574 172 2359520 18 13 49 19 3 71 18 13 49 220574 172 2359520 18 13 49 2109 57 3219 2109 57 3219
21 5 71 20 9 35 233298 793 2358757 20 9 35 21 5 71 20 9 35 233298 793 2358757 20 9 35 2483 158 3242 2483 158 3242
24 27 71 24 6 22 245153 167192 2357977 24 6 22 24 27 71 24 6 22 245153 167192 2357977 24 6 22 2840 4267 3224 2840 4267 3224
26 31 71 30 3 11 257322 169872 2357113 30 3 11 26 31 71 30 3 11 257322 169872 2357113 30 3 11 3216 4397 3166 3216 4397 3166
29 33 70 35 1 2 269542 170037 2356184 35 1 2 29 33 70 35 1 2 269542 170037 2356184 35 1 2 3575 4553 3060 3575 4553 3060
26 33 14 34 1 0 122755 170086 74879 34 1 0 26 33 14 34 1 0 122755 170086 74879 34 1 0 3668 4618 2174 3668 4618 2174
25 33 14 35 1 0 122052 170063 74991 35 1 0 25 33 14 35 1 0 122052 170063 74991 35 1 0 3657 4629 2186 3657 4629 2186
25 33 14 39 1 1 119445 169878 77692 39 1 1 25 33 14 39 1 1 119445 169878 77692 39 1 1 3560 4615 2228 3560 4615 2228
22 32 16 33 2 10 107142 169463 82399 33 2 10 22 32 16 33 2 10 107142 169463 82399 33 2 10 3195 4471 2385 3195 4471 2385
20 29 16 30 4 19 94882 167137 84761 30 4 19 20 29 16 30 4 19 94882 167137 84761 30 4 19 2836 4297 2465 2836 4297 2465
17 9 17 29 6 29 82635 9132 85351 29 6 29 17 9 17 29 6 29 82635 9132 85351 29 6 29 2472 840 2485 2472 840 2485
14 4 16 27 8 39 69911 244 83974 27 8 39 14 4 16 27 8 39 69911 244 83974 27 8 39 2098 61 2454 2098 61 2454
12 0 16 23 12 53 58056 0 81090 23 12 53 12 0 16 23 12 53 58056 0 81090 23 12 53 1741 0 2368 1741 0 2368
9 0 15 17 19 73 45886 0 76147 17 19 73 9 0 15 17 19 73 45886 0 76147 17 19 73 1365 0 2207 1365 0 2207
7 0 14 12 31 99 33666 0 68622 12 31 99 7 0 14 12 31 99 33666 0 68622 12 31 99 1006 0 1986 1006 0 1986
4 0 11 10 42 123 21695 0 58329 10 42 123 4 0 11 10 42 123 21695 0 58329 10 42 123 632 0 1648 632 0 1648
2 0 8 5 93 184 9668 0 41465 5 93 184 2 0 8 5 93 184 9668 0 41465 5 93 184 276 0 1116 276 0 1116
0 0 0 1 500 0 0 0 0 1 500 0 0 0 0 1 500 0 0 0 0 1 500 0 0 0 0 0 0 0
0 0 0 1 500 0 0 0 0 1 500 0 0 0 0 1 500 0 0 0 0 1 500 0 0 0 0 0 0 0
0 0 2 2 249 232 541 0 12095 2 249 232 0 0 2 2 249 232 541 0 12095 2 249 232 11 0 262 11 0 262
0 0 2 2 249 182 541 0 12095 2 249 182 0 0 2 2 249 182 541 0 12095 2 249 182 11 0 262 11 0 262
0 0 2 2 249 132 541 0 12095 2 249 132 0 0 2 2 249 132 541 0 12095 2 249 132 11 0 262 11 0 262
0 0 2 2 249 82 541 0 12095 2 249 82 0 0 2 2 249 82 541 0 12095 2 249 82 11 0 262 11 0 262
0 0 2 2 249 32 541 0 12095 2 249 32 0 0 2 2 249 32 541 0 12095 2 249 32 11 0 262 11 0 262
0 0 2 2 249 18 541 0 12095 2 249 18 0 0 2 2 249 18 541 0 12095 2 249 18 11 0 262 11 0 262
0 0 2 2 249 68 541 0 12095 2 249 68 0 0 2 2 249 68 541 0 12095 2 249 68 11 0 262 11 0 262
0 0 2 2 249 118 541 0 12095 2 249 118 0 0 2 2 249 118 541 0 12095 2 249 118 11 0 262 11 0 262
0 0 2 2 249 168 541 0 12095 2 249 168 0 0 2 2 249 168 541 0 12095 2 249 168 11 0 262 11 0 262
0 0 2 2 249 218 541 0 12095 2 249 218 0 0 2 2 249 218 541 0 12095 2 249 218 11 0 262 11 0 262
0 0 0 1 500 0 0 0 0 1 500 0 0 0 0 1 500 0 0 0 0 1 500 0 0 0 0 0 0 0
0 0 0 1 500 0 0 0 0 1 500 0 0 0 0 1 500 0 0 0 0 1 500 0 0 0 0 0 0 0
0 0 2 2 249 233 542 0 12120 2 249 233 0 0 2 2 249 233 542 0 12120 2 249 233 10 0 242 10 0 242
0 0 2 2 249 183 542 0 12120 2 249 183 0 0 2 2 249 183 542 0 12120 2 249 183 10 0 242 10 0 242
0 0 2 2 249 133 542 0 12120 2 249 133 0 0 2 2 249 133 542 0 12120 2 249 133 10 0 242 10 0 242
0 0 2 2 249 83 542 0 12120 2 249 83 0 0 2 2 249 83 542 0 12120 2 249 83 10 0 242 10 0 242
0 0 2 2 249 33 542 0 12120 2 249 33 0 0 2 2 249 33 542 0 12120 2 249 33 10 0 242 10 0 242
0 0 2 2 249 16 542 0 12120 2 249 16 0 0 2 2 249 16 542 0 12120 2 249 16 10 0 242 10 0 242
0 0 2 2 249 66 542 0 12120 2 249 66 0 0 2 2 249 66 542 0 12120 2 249 66 10 0 242 10 0 242
0 0 2 2 249 116 542 0 12120 2 249 116 0 0 2 2 249 116 542 0 12120 2 249 116 10 0 242 10 0 242
0 0 2 2 249 166 542 0 12120 2 249 166 0 0 2 2 249 166 542 0 12120 2 249 166 10 0 242 10 0 242
0 0 2 2 249 216 542 0 12120 2 249 216 0 0 2 2 249 216 542 0 12120 2 249 216 10 0 242 10 0 242
0 0 0 1 500 0 0 0 0 1 500 0 0 0 0 1 500 0 0 0 0 1 500 0 0 0 0 0 0 0
0 0 0 1 500 0 0 0 0 1 500 0 0 0 0 1 500 0 0 0 0 1 500 0 0 0 0 0 0 0
2 0 54 3 165 216 74193 0 1464433 3 165 216 2 0 54 3 165 216 74193 0 1464433 3 165 216 115 0 1661 115 0 1661
2 0 54 3 165 182 74193 0 1464433 3 165 182 2 0 54 3 165 182 74193 0 1464433 3 165 182 115 0 1661 115 0 1661
2 0 54 3 165 151 74193 0 1464433 3 165 151 2 0 54 3 165 151 74193 0 1464433 3 165 151 115 0 1661 115 0 1661
2 0 54 3 165 126 74193 0 1464433 3 165 126 2 0 54 3 165 126 74193 0 1464433 3 165 126 115 0 1661 115 0 1661
2 0 54 3 165 111 74193 0 1464433 3 165 111 2 0 54 3 165 111 74193 0 1464433 3 165 111 115 0 1661 115 0 1661
2 0 54 3 165 110 74193 0 1464433 3 165 110 2 0 54 3 165 110 74193 0 1464433 3 165 110 115 0 1661 115 0 1661
2 0 54 3 165 123 74193 0 1464433 3 165 123 2 0 54 3 165 123 74193 0 1464433 3 165 123 115 0 1661 115 0 1661
2 0 54 3 165 147 74193 0 1464433 3 165 147 2 0 54 3 165 147 74193 0 1464433 3 165 147 115 0 1661 115 0 1661
2 0 54 3 165 177 74193 0 1464433 3 165 177 2 0 54 3 165 177 74193 0 1464433 3 165 177 115 0 1661 115 0 1661
2 0 54 3 165 211 74193 0 1464433 3 165 211 2 0 54 3 165 211 74193 0 1464433 3 165 211 115 0 1661 115 0 1661
0 0 0 1 500 0 0 0 0 1 500 0 0 0 0 1 500 0 0 0 0 1 500 0 0 0 0 0 0 0
0 0 0 1 500 0 0 0 0 1 500 0 0 0 0 1 500 0 0 0 0 1 500 0 0 0 0 0 0 0
0 0 2 2 249 237 542 0 12126 2 249 237 0 0 2 2 249 237 542 0 12126 2 249 237 10 0 237 10 0 237
0 0 2 2 249 187 542 0 12126 2 249 187 0 0 2 2 249 187 542 0 12126 2 249 187 10 0 237 10 0 237
0 0 2 2 249 137 542 0 12126 2 249 137 0 0 2 2 249 137 542 0 12126 2 249 137 10 0 237 10 0 237
0 0 2 2 249 87 542 0 12126 2 249 87 0 0 2 2 249 87 542 0 12126 2 249 87 10 0 237 10 0 237
0 0 2 2 249 37 542 0 12126 2 249 37 0 0 2 2 249 37 542 0 12126 2 249 37 10 0 237 10 0 237
0 0 2 2 249 12 542 0 12126 2 249 12 0 0 2 2 249 12 542 0 12126 2 249 12 10 0 237 10 0 237
0 0 2 2 249 62 542 0 12126 2 249 62 0 0 2 2 249 62 542 0 12126 2 249 62 10 0 237 10 0 237
0 0 2 2 249 112 542 0 12126 2 249 112 0 0 2 2 249 112 542 0 12126 2 249 112 10 0 237 10 0 237
0 0 2 2 249 162 542 0 12126 2 249 162 0 0 2 2 249 162 542 0 12126 2 249 162 10 0 237 10 0 237
0 0 2 2 249 212 542 0 12126 2 249 212 0 0 2 2 249 212 542 0 12126 2 249 212 10 0 237 10 0 237
0 0 0 1 500 0 0 0 0 1 500 0 0 0 0 1 500 0 0 0 0 1 500 0 0 0 0 0 0 0
0 0 0 1 500 0 0 0 0 1 500 0 0 0 0 1 500 0 0 0 0 1 500 0 0 0 0 0 0 0
0 0 2 2 249 240 885 0 14314 2 249 240 0 0 2 2 249 240 885 0 14314 2 249 240 21 0 349 21 0 349
2 0 8 9 50 137 12956 0 45355 9 50 137 2 0 8 9 50 137 12956 0 45355 9 50 137 405 0 1395 405 0 1395
5 0 11 11 37 111 25051 0 60671 11 37 111 5 0 11 11 37 111 25051 0 60671 11 37 111 766 0 1833 766 0 1833
7 0 13 16 22 81 37211 0 70341 16 22 81 7 0 13 16 22 81 37211 0 70341 16 22 81 1150 0 2141 1150 0 2141
10 0 15 20 15 62 49590 0 77524 20 15 62 10 0 15 20 15 62 49590 0 77524 20 15 62 1518 0 2337 1518 0 2337
12 0 16 24 11 47 61543 0 81643 24 11 47 12 0 16 24 11 47 61543 0 81643 24 11 47 1891 0 2457 1891 0 2457
15 5 16 26 8 36 73625 492 84162 26 8 36 15 5 16 26 8 36 73625 492 84162 26 8 36 2254 98 2519 2254 98 2519
17 16 16 28 6 25 86019 83130 84897 28 6 25 17 16 16 28 6 25 86019 83130 84897 28 6 25 2637 4321 2539 2637 4321 2539
20 29 16 32 4 15 98007 171601 84153 32 4 15 20 29 16 32 4 15 98007 171601 84153 32 4 15 2993 4657 2498 2993 4657 2498
22 32 15 38 2 6 110555 172112 81528 38 2 6 22 32 15 38 2 6 110555 172112 81528 38 2 6 3360 4706 2401 3360 4706 2401
25 33 14 40 1 0 121889 172442 77035 40 1 0 25 33 14 40 1 0 121889 172442 77035 40 1 0 3693 4752 2252 3693 4752 2252
25 33 14 38 1 0 122051 172551 77319 38 1 0 25 33 14 38 1 0 122051 172551 77319 38 1 0 3675 4731 2250 3675 4731 2250
25 33 14 40 1 0 122762 173039 78759 40 1 0 25 33 14 40 1 0 122762 173039 78759 40 1 0 3675 4737 2252 3675 4737 2252
22 32 15 35 2 8 110602 172408 83765 35 2 8 22 32 15 35 2 8 110602 172408 83765 35 2 8 3290 4716 2407 3290 4716 2407
20 31 16 31 4 17 98224 171909 86400 31 4 17 20 31 16 31 4 17 98224 171909 86400 31 4 17 2922 4661 2493 2922 4661 2493
17 11 16 27 6 28 86270 25318 87671 27 6 28 17 11 16 27 6 28 86270 25318 87671 27 6 28 2549 1697 2532 2549 1697 2532
15 4 16 25 9 39 74188 244 87030 25 9 39 15 4 16 25 9 39 74188 244 87030 25 9 39 2186 61 2513 2186 61 2513
12 0 16 23 11 50 61794 0 84597 23 11 50 12 0 16 23 11 50 61794 0 84597 23 11 50 1803 0 2422 1803 0 2422
10 0 15 19 16 66 49806 0 80089 19 16 66 10 0 15 19 16 66 49806 0 80089 19 16 66 1447 0 2287 1447 0 2287
7 0 14 13 27 93 37259 0 72970 13 27 93 7 0 14 13 27 93 37259 0 72970 13 27 93 1080 0 2074 1080 0 2074
5 0 12 9 45 125 25039 0 62914 9 45 125 5 0 12 9 45 125 25039 0 62914 9 45 125 726 0 1779 726 0 1779
2 0 9 4 113 194 12806 0 48150 4 113 194 2 0 9 4 113 194 12806 0 48150 4 113 194 360 0 1309 360 0 1309
0 0 0 1 500 0 0 0 0 1 500 0 0 0 0 1 500 0 0 0 0 1 500 0 0 0 0 0 0 0
0 0 0 1 500 0 0 0 0 1 500 0 0 0 0 1 500 0 0 0 0 1 500 0 0 0 0 0 0 0
2 0 49 3 165 219 70348 0 1353370 3 165 219 2 0 49 3 165 219 70348 0 1353370 3 165 219 141 0 2098 141 0 2098
2 0 49 3 165 184 70348 0 1353370 3 165 184 2 0 49 3 165 184 70348 0 1353370 3 165 184 141 0 2098 141 0 2098
2 0 49 3 165 153 70348 0 1353370 3 165 153 2 0 49 3 165 153 70348 0 1353370 3 165 153 141 0 2098 141 0 2098
2 0 49 3 165 127 70348 0 1353370 3 165 127 2 0 49 3 165 127 70348 0 1353370 3 165 127 141 0 2098 141 0 2098
2 0 49 3 165 110 70348 0 1353370 3 165 110 2 0 49 3 165 110 70348 0 1353370 3 165 110 141 0 2098 141 0 2098
2 0 49 3 165 107 70348 0 1353370 3 165 107 2 0 49 3 165 107 70348 0 1353370 3 165 107 141 0 2098 141 0 2098
2 0 49 3 165 119 70348 0 1353370 3 165 119 2 0 49 3 165 119 70348 0 1353370 3 165 119 141 0 2098 141 0 2098
2 0 49 3 165 142 70348 0 1353370 3 165 142 2 0 49 3 165 142 70348 0 1353370 3 165 142 141 0 2098 141 0 2098
2 0 49 3 165 171 70348 0 1353370 3 165 171 2 0 49 3 165 171 70348 0 1353370 3 165 171 141 0 2098 141 0 2098
2 0 49 3 165 205 70348 0 1353370 3 165 205 2 0 49 3 165 205 70348 0 1353370 3 165 205 141 0 2098 141 0 2098
0 0 0 1 500 0 0 0 0 1 500 0 0 0 0 1 500 0 0 0 0 1 500 0 0 0 0 0 0 0
0 0 0 1 500 0 0 0 0 1 500 0 0 0 0 1 500 0 0 0 0 1 500 0 0 0 0 0 0 0
0 0 0 2 249 201 9 0 205 2 249 201 0 0 0 2 249 201 9 0 205 2 249 201 0 0 12 0 0 12
0 0 6 3 166 166 3773 0 84096 3 166 166 0 0 6 3 166 166 3773 0 84096 3 166 166 28 0 623 28 0 623
0 0 6 3 166 132 3773 0 84096 3 166 132 0 0 6 3 166 132 3773 0 84096 3 166 132 28 0 623 28 0 623
0 0 6 3 166 103 3773 0 84096 3 166 103 0 0 6 3 166 103 3773 0 84096 3 166 103 28 0 623 28 0 623
0 0 6 3 166 85 3773 0 84096 3 166 85 0 0 6 3 166 85 3773 0 84096 3 166 85 28 0 623 28 0 623
0 0 6 3 166 84 3773 0 84096 3 166 84 0 0 6 3 166 84 3773 0 84096 3 166 84 28 0 623 28 0 623
0 0 6 4 124 83 3783 0 84096 4 124 83 0 0 6 4 124 83 3783 0 84096 4 124 83 29 0 623 29 0 623
0 0 6 4 124 75 3783 0 84096 4 124 75 0 0 6 4 124 75 3783 0 84096 4 124 75 29 0 623 29 0 623
0 0 6 4 124 82 3783 0 84096 4 124 82 0 0 6 4 124 82 3783 0 84096 4 124 82 29 0 623 29 0 623
0 0 6 4 124 102 3783 0 84096 4 124 102 0 0 6 4 124 102 3783 0 84096 4 124 102 29 0 623 29 0 623
0 0 6 3 165 116 3773 0 84096 3 165 116 0 0 6 3 165 116 3773 0 84096 3 165 116 28 0 623 28 0 623
0 0 0 2 249 48 9 0 175 2 249 48 0 0 0 2 249 48 9 0 175 2 249 48 1 0 18 1 0 18
0 0 0 2 249 98 9 0 175 2 249 98 0 0 0 2 249 98 9 0 175 2 249 98 1 0 18 1 0 18
0 0 1 3 165 132 531 0 11666 3 165 132 0 0 1 3 165 132 531 0 11666 3 165 132 13 0 271 13 0 271
0 0 1 3 165 131 531 0 11666 3 165 131 0 0 1 3 165 131 531 0 11666 3 165 131 13 0 271 13 0 271
0 0 1 3 165 143 531 0 11666 3 165 143 0 0 1 3 165 143 531 0 11666 3 165 143 13 0 271 13 0 271
0 0 1 2 249 53 522 0 11666 2 249 53 0 0 1 2 249 53 522 0 11666 2 249 53 12 0 271 12 0 271
0 0 1 2 249 3 522 0 11666 2 249 3 0 0 1 2 249 3 522 0 11666 2 249 3 12 0 271 12 0 271
0 0 1 2 249 46 522 0 11666 2 249 46 0 0 1 2 249 46 522 0 11666 2 249 46 12 0 271 12 0 271
0 0 1 2 249 96 522 0 11666 2 249 96 0 0 1 2 249 96 522 0 11666 2 249 96 12 0 271 12 0 271
0 0 1 2 249 146 522 0 11666 2 249 146 0 0 1 2 249 146 522 0 11666 2 249 146 12 0 271 12 0 271
0 0 1 2 249 196 522 0 11666 2 249 196 0 0 1 2 249 196 522 0 11666 2 249 196 12 0 271 12 0 271
0 0 1 2 249 246 522 0 11666 2 249 246 0 0 1 2 249 246 522 0 11666 2 249 246 12 0 271 12 0 271
0 0 0 1 500 0 0 0 0 1 500 0 0 0 0 1 500 0 0 0 0 1 500 0 0 0 0 0 0 0
0 0 0 1 500 0 0 0 0 1 500 0 0 0 0 1 500 0 0 0 0 1 500 0 0 0 0 0 0 0
0 0 1 2 249 205 522 0 11635 2 249 205 0 0 1 2 249 205 522 0 11635 2 249 205 14 0 306 14 0 306
0 0 1 2 249 155 522 0 11635 2 249 155 0 0 1 2 249 155 522 0 11635 2 249 155 14 0 306 14 0 306
0 0 1 2 249 105 522 0 11635 2 249 105 0 0 1 2 249 105 522 0 11635 2 249 105 14 0 306 14 0 306
0 0 1 2 249 55 522 0 11635 2 249 55 0 0 1 2 249 55 522 0 11635 2 249 55 14 0 306 14 0 306
0 0 1 2 249 5 522 0 11635 2 249 5 0 0 1 2 249 5 522 0 11635 2 249 5 14 0 306 14 0 306
0 0 1 2 249 45 522 0 11635 2 249 45 0 0 1 2 249 45 522 0 11635 2 249 45 14 0 306 14 0 306
0 0 1 2 249 95 522 0 11635 2 249 95 0 0 1 2 249 95 522 0 11635 2 249 95 14 0 306 14 0 306
0 0 1 2 249 145 522 0 11635 2 249 145 0 0 1 2 249 145 522 0 11635 2 249 145 14 0 306 14 0 306
0 0 1 2 249 195 522 0 11635 2 249 195 0 0 1 2 249 195 522 0 11635 2 249 195 14 0 306 14 0 306
0 0 1 2 249 245 522 0 11635 2 249 245 0 0 1 2 249 245 522 0 11635 2 249 245 14 0 306 14 0 306
0 0 0 1 500 0 0 0 0 1 500 0 0 0 0 1 500 0 0 0 0 1 500 0 0 0 0 0 0 0
0 0 20 3 165 202 21063 0 470303 3 165 202 0 0 20 3 165 202 21063 0 470303 3 165 202 47 0 1047 47 0 1047
3 0 21 6 76 146 32562 0 472078 6 76 146 3 0 21 6 76 146 32562 0 472078 6 76 146 362 0 1620 362 0 1620
5 0 23 7 58 120 46018 0 473550 7 58 120 5 0 23 7 58 120 46018 0 473550 7 58 120 748 0 2041 748 0 2041
8 0 24 12 30 82 59444 0 474604 12 30 82 8 0 24 12 30 82 59444 0 474604 12 30 82 1134 0 2320 1134 0 2320
11 0 25 16 19 60 72400 0 475309 16 19 60 11 0 25 16 19 60 72400 0 475309 16 19 60 1504 0 2513 1504 0 2513
14 0 25 18 15 45 85411 0 475675 18 15 45 14 0 25 18 15 45 85411 0 475675 18 15 45 1871 0 2638 1871 0 2638
16 4 26 22 10 31 98493 244 475629 22 10 31 16 4 26 22 10 31 98493 244 475629 22 10 31 2257 61 2711 2257 61 2711
19 12 25 24 7 20 111508 20086 475248 24 7 20 19 12 25 24 7 20 111508 20086 475248 24 7 20 2638 2009 2732 2638 2009 2732
21 32 25 29 4 10 124343 182017 474497 29 4 10 21 32 25 29 4 10 124343 182017 474497 29 4 10 3009 4699 2696 3009 4699 2696
24 34 25 34 2 5 137297 183262 473445 34 2 5 24 34 25 34 2 5 137297 183262 473445 34 2 5 3370 4804 2611 3370 4804 2611
26 35 15 37 1 0 129231 183684 83693 37 1 0 26 35 15 37 1 0 129231 183684 83693 37 1 0 3706 4852 2302 3706 4852 2302
26 35 14 37 1 0 131070 183838 81681 37 1 0 26 35 14 37 1 0 131070 183838 81681 37 1 0 3774 4881 2261 3774 4881 2261
26 35 14 36 1 0 130716 183918 82209 36 1 0 26 35 14 36 1 0 130716 183918 82209 36 1 0 3760 4888 2279 3760 4888 2279
24 34 16 32 2 6 121093 183941 87505 32 2 6 24 34 16 32 2 6 121093 183941 87505 32 2 6 3472 4839 2421 3472 4839 2421
21 32 16 28 4 16 108138 183391 90825 28 4 16 21 32 16 28 4 16 108138 183391 90825 28 4 16 3102 4741 2527 3102 4741 2527
19 21 17 26 6 26 95127 111908 92155 26 6 26 19 21 17 26 6 26 95127 111908 92155 26 6 26 2735 4515 2579 2735 4515 2579
16 5 17 22 9 39 82044 793 91916 22 9 39 16 5 17 22 9 39 82044 793 91916 22 9 39 2348 158 2574 2348 158 2574
13 0 17 20 12 51 69030 0 89684 20 12 51 13 0 17 20 12 51 69030 0 89684 20 12 51 1967 0 2508 1967 0 2508
11 0 16 15 20 71 56194 0 85653 15 20 71 11 0 16 15 20 71 56194 0 85653 15 20 71 1597 0 2391 1597 0 2391
8 0 15 10 34 101 43241 0 78947 10 34 101 8 0 15 10 34 101 43241 0 78947 10 34 101 1235 0 2210 1235 0 2210
6 0 13 5 78 155 30242 0 69673 5 78 155 6 0 13 5 78 155 30242 0 69673 5 78 155 852 0 1931 852 0 1931
3 0 10 1 439 0 16905 0 55209 1 439 0 3 0 10 1 439 0 16905 0 55209 1 439 0 469 0 1500 469 0 1500
0 0 5 1 489 0 3803 0 29610 1 489 0 0 0 5 1 489 0 3803 0 29610 1 489 0 97 0 721 97 0 721
0 0 0 1 500 0 0 0 0 1 500 0 0 0 0 1 500 0 0 0 0 1 500 0 0 0 0 0 0 0
0 0 0 2 249 203 9 0 207 2 249 203 0 0 0 2 249 203 9 0 207 2 249 203 0 0 13 0 0 13
0 0 2 3 166 167 680 0 14993 3 166 167 0 0 2 3 166 167 680 0 14993 3 166 167 14 0 306 14 0 306
0 0 2 3 166 132 680 0 14993 3 166 132 0 0 2 3 166 132 680 0 14993 3 166 132 14 0 306 14 0 306
0 0 2 3 166 102 680 0 14993 3 166 102 0 0 2 3 166 102 680 0 14993 3 166 102 14 0 306 14 0 306
0 0 2 3 166 81 680 0 14993 3 166 81 0 0 2 3 166 81 680 0 14993 3 166 81 14 0 306 14 0 306
0 0 2 3 166 78 680 0 14993 3 166 78 0 0 2 3 166 78 680 0 14993 3 166 78 14 0 306 14 0 306
0 0 2 4 124 79 690 0 14994 4 124 79 0 0 2 4 124 79 690 0 14994 4 124 79 14 0 306 14 0 306
0 0 2 4 124 69 690 0 14994 4 124 69 0 0 2 4 124 69 690 0 14994 4 124 69 14 0 306 14 0 306
0 0 2 4 124 76 690 0 14994 4 124 76 0 0 2 4 124 76 690 0 14994 4 124 76 14 0 306 14 0 306
0 0 2 4 124 97 690 0 14994 4 124 97 0 0 2 4 124 97 690 0 14994 4 124 97 14 0 306 14 0 306
0 0 2 3 166 109 680 0 14993 3 166 109 0 0 2 3 166 109 680 0 14993 3 166 109 14 0 306 14 0 306
0 0 0 2 249 46 9 0 214 2 249 46 0 0 0 2 249 46 9 0 214 2 249 46 0 0 13 0 0 13
0 0 1 3 166 103 19 0 301 3 166 103 0 0 1 3 166 103 19 0 301 3 166 103 1 0 18 1 0 18
0 0 2 4 124 103 420 0 8960 4 124 103 0 0 2 4 124 103 420 0 8960 4 124 103 11 0 230 11 0 230
0 0 2 4 124 101 420 0 8960 4 124 101 0 0 2 4 124 101 420 0 8960 4 124 101 11 0 230 11 0 230
0 0 2 4 124 111 420 0 8960 4 124 111 0 0 2 4 124 111 420 0 8960 4 124 111 11 0 230 11 0 230
0 0 1 3 166 80 410 0 8958 3 166 80 0 0 1 3 166 80 410 0 8958 3 166 80 10 0 229 10 0 229
0 0 1 3 166 76 410 0 8958 3 166 76 0 0 1 3 166 76 410 0 8958 3 166 76 10 0 229 10 0 229
0 0 1 4 124 78 419 0 8959 4 124 78 0 0 1 4 124 78 419 0 8959 4 124 78 12 0 230 12 0 230
0 0 1 4 124 68 419 0 8959 4 124 68 0 0 1 4 124 68 419 0 8959 4 124 68 12 0 230 12 0 230
0 0 1 4 124 75 419 0 8959 4 124 75 0 0 1 4 124 75 419 0 8959 4 124 75 12 0 230 12 0 230
0 0 1 4 124 96 419 0 8959 4 124 96 0 0 1 4 124 96 419 0 8959 4 124 96 12 0 230 12 0 230
0 0 1 3 165 107 410 0 8957 3 165 107 0 0 1 3 165 107 410 0 8957 3 165 107 11 0 230 11 0 230
0 0 0 2 249 46 9 0 152 2 249 46 0 0 0 2 249 46 9 0 152 2 249 46 1 0 20 1 0 20
2 0 47 4 123 114 91706 0 1791083 4 123 114 2 0 47 4 123 114 91706 0 1791083 4 123 114 124 0 1990 124 0 1990
2 0 47 5 98 104 92111 0 1791085 5 98 104 2 0 47 5 98 104 92111 0 1791085 5 98 104 134 0 2002 134 0 2002
2 0 47 5 98 102 92111 0 1791085 5 98 102 2 0 47 5 98 102 92111 0 1791085 5 98 102 134 0 2002 134 0 2002
2 0 47 5 98 109 92111 0 1791085 5 98 109 2 0 47 5 98 109 92111 0 1791085 5 98 109 134 0 2002 134 0 2002
2 0 47 4 123 98 92102 0 1791086 4 123 98 2 0 47 4 123 98 92102 0 1791086 4 123 98 133 0 2002 133 0 2002
2 0 47 4 123 95 92102 0 1791086 4 123 95 2 0 47 4 123 95 92102 0 1791086 4 123 95 133 0 2002 133 0 2002
2 0 47 4 123 105 92102 0 1791086 4 123 105 2 0 47 4 123 105 92102 0 1791086 4 123 105 133 0 2002 133 0 2002
2 0 47 4 123 125 92102 0 1791086 4 123 125 2 0 47 4 123 125 92102 0 1791086 4 123 125 133 0 2002 133 0 2002
2 0 47 4 123 150 92102 0 1791086 4 123 150 2 0 47 4 123 150 92102 0 1791086 4 123 150 133 0 2002 133 0 2002
2 0 47 4 123 179 92102 0 1791086 4 123 179 2 0 47 4 123 179 92102 0 1791086 4 123 179 133 0 2002 133 0 2002
0 0 1 2 249 234 405 0 9050 2 249 234 0 0 1 2 249 234 405 0 9050 2 249 234 10 0 226 10 0 226
0 0 0 1 500 0 0 0 0 1 500 0 0 0 0 1 500 0 0 0 0 1 500 0 0 0 0 0 0 0
0 0 0 2 249 204 9 0 212 2 249 204 0 0 0 2 249 204 9 0 212 2 249 204 0 0 13 0 0 13
0 0 2 3 165 168 644 0 14140 3 165 168 0 0 2 3 165 168 644 0 14140 3 165 168 15 0 329 15 0 329
0 0 2 3 165 133 644 0 14140 3 165 133 0 0 2 3 165 133 644 0 14140 3 165 133 15 0 329 15 0 329
0 0 2 3 165 102 644 0 14140 3 165 102 0 0 2 3 165 102 644 0 14140 3 165 102 15 0 329 15 0 329
0 0 2 3 165 79 644 0 14140 3 165 79 0 0 2 3 165 79 644 0 14140 3 165 79 15 0 329 15 0 329
0 0 2 3 165 74 644 0 14140 3 165 74 0 0 2 3 165 74 644 0 14140 3 165 74 15 0 329 15 0 329
0 0 2 4 123 77 653 0 14141 4 123 77 0 0 2 4 123 77 653 0 14141 4 123 77 16 0 329 16 0 329
0 0 2 4 123 66 653 0 14141 4 123 66 0 0 2 4 123 66 653 0 14141 4 123 66 16 0 329 16 0 329
0 0 2 4 123 73 653 0 14141 4 123 73 0 0 2 4 123 73 653 0 14141 4 123 73 16 0 329 16 0 329
0 0 2 4 123 94 653 0 14141 4 123 94 0 0 2 4 123 94 653 0 14141 4 123 94 16 0 329 16 0 329
0 0 2 3 165 105 643 0 14140 3 165 105 0 0 2 3 165 105 643 0 14140 3 165 105 16 0 329 16 0 329
0 0 0 2 249 45 9 0 176 2 249 45 0 0 0 2 249 45 9 0 176 2 249 45 1 0 17 1 0 17
0 0 0 3 165 104 18 0 273 3 165 104 0 0 0 3 165 104 18 0 273 3 165 104 1 0 22 1 0 22
1 0 7 8 58 97 8636 0 41188 8 58 97 1 0 7 8 58 97 8636 0 41188 8 58 97 233 0 1082 233 0 1082
4 0 11 12 35 82 21783 0 60636 12 35 82 4 0 11 12 35 82 21783 0 60636 12 35 82 617 0 1671 617 0 1671
7 0 14 17 22 70 34913 0 72959 17 22 70 7 0 14 17 22 70 34913 0 72959 17 22 70 1003 0 2041 1003 0 2041
9 0 15 19 17 57 47678 0 81304 19 17 57 9 0 15 19 17 57 47678 0 81304 19 17 57 1371 0 2275 1371 0 2275
12 0 16 23 12 42 60453 0 86856 23 12 42 12 0 16 23 12 42 60453 0 86856 23 12 42 1760 0 2457 1760 0 2457
14 4 17 29 8 29 73583 244 90683 29 8 29 14 4 17 29 8 29 73583 244 90683 29 8 29 2128 61 2549 2128 61 2549
17 7 17 34 5 20 86669 2988 92386 34 5 20 17 7 17 34 5 20 86669 2988 92386 34 5 20 2501 385 2588 2501 385 2588
20 28 17 40 3 12 99853 179498 92113 40 3 12 20 28 17 40 3 12 99853 179498 92113 40 3 12 2882 4685 2571 2882 4685 2571
22 33 16 44 2 9 112624 185434 89691 44 2 9 22 33 16 44 2 9 112624 185434 89691 44 2 9 3266 4809 2495 3266 4809 2495
25 34 15 47 1 2 126014 186038 85458 47 1 2 25 34 15 47 1 2 126014 186038 85458 47 1 2 3649 4907 2356 3649 4907 2356
26 35 14 46 1 0 130332 185976 82530 46 1 0 26 35 14 46 1 0 130332 185976 82530 46 1 0 3772 4913 2280 3772 4913 2280
26 35 14 45 1 0 130452 185301 82410 45 1 0 26 35 14 45 1 0 130452 185301 82410 45 1 0 3767 4886 2275 3767 4886 2275
25 34 15 41 1 4 123566 184357 87718 41 1 4 25 34 15 41 1 4 123566 184357 87718 41 1 4 3541 4830 2377 3541 4830 2377
22 33 16 38 3 12 110792 183810 91358 38 3 12 22 33 16 38 3 12 110792 183810 91358 38 3 12 3173 4778 2499 3173 4778 2499
19 30 17 34 4 21 98017 168873 93268 34 4 21 19 30 17 34 4 21 98017 168873 93268 34 4 21 2783 4616 2546 2783 4616 2546
17 5 17 28 7 32 84887 793 93065 28 7 32 17 5 17 28 7 32 84887 793 93065 28 7 32 2416 158 2551 2416 158 2551
14 1 17 23 10 46 71800 86 91119 23 10 46 14 1 17 23 10 46 71800 86 91119 23 10 46 2043 28 2498 2043 28 2498
12 0 16 18 16 53 58626 0 87249 18 16 53 12 0 16 18 16 53 58626 0 87249 18 16 53 1661 0 2384 1661 0 2384
9 0 15 14 24 62 45856 0 81692 14 24 62 9 0 15 14 24 62 45856 0 81692 14 24 62 1278 0 2201 1278 0 2201
6 0 14 10 38 77 32456 0 72586 10 38 77 6 0 14 10 38 77 32456 0 72586 10 38 77 895 0 1925 895 0 1925
4 0 11 5 86 104 19519 0 59624 5 86 104 4 0 11 5 86 104 19519 0 59624 5 86 104 539 0 1557 539 0 1557
1 0 7 2 238 4 6252 0 38798 2 238 4 1 0 7 2 238 4 6252 0 38798 2 238 4 161 0 896 161 0 896
0 0 0 2 249 43 9 0 210 2 249 43 0 0 0 2 249 43 9 0 210 2 249 43 0 0 13 0 0 13
5 0 69 5 98 115 195588 0 2722276 5 98 115 5 0 69 5 98 115 195588 0 2722276 5 98 115 296 0 3313 296 0 3313
5 0 69 6 82 102 195974 0 2722262 6 82 102 5 0 69 6 82 102 195974 0 2722262 6 82 102 306 0 3320 306 0 3320
5 0 69 6 82 99 195974 0 2722262 6 82 99 5 0 69 6 82 99 195974 0 2722262 6 82 99 306 0 3320 306 0 3320
5 0 69 6 82 105 195974 0 2722262 6 82 105 5 0 69 6 82 105 195974 0 2722262 6 82 105 306 0 3320 306 0 3320
5 0 69 5 98 100 195965 0 2722262 5 98 100 5 0 69 5 98 100 195965 0 2722262 5 98 100 305 0 3320 305 0 3320
5 0 69 5 98 97 195965 0 2722262 5 98 97 5 0 69 5 98 97 195965 0 2722262 5 98 97 305 0 3320 305 0 3320
5 0 69 6 82 83 195974 0 2722262 6 82 83 5 0 69 6 82 83 195974 0 2722262 6 82 83 306 0 3320 306 0 3320
5 0 69 6 82 77 195974 0 2722262 6 82 77 5 0 69 6 82 77 195974 0 2722262 6 82 77 306 0 3320 306 0 3320
5 0 69 6 82 80 195974 0 2722262 6 82 80 5 0 69 6 82 80 195974 0 2722262 6 82 80 306 0 3320 306 0 3320
5 0 69 6 82 93 195974 0 2722262 6 82 93 5 0 69 6 82 93 195974 0 2722262 6 82 93 306 0 3320 306 0 3320
0 0 1 3 166 101 395 0 8628 3 166 101 0 0 1 3 166 101 395 0 8628 3 166 101 10 0 227 10 0 227
0 0 0 2 249 43 9 0 207 2 249 43 0 0 0 2 249 43 9 0 207 2 249 43 0 0 12 0 0 12
0 0 0 3 165 105 18 0 272 3 165 105 0 0 0 3 165 105 18 0 272 3 165 105 1 0 22 1 0 22
0 0 2 4 124 105 507 0 10930 4 124 105 0 0 2 4 124 105 507 0 10930 4 124 105 13 0 255 13 0 255
0 0 2 4 124 101 507 0 10930 4 124 101 0 0 2 4 124 101 507 0 10930 4 124 101 13 0 255 13 0 255
0 0 2 4 124 109 507 0 10930 4 124 109 0 0 2 4 124 109 507 0 10930 4 124 109 13 0 255 13 0 255
0 0 1 3 165 77 498 0 10928 3 165 77 0 0 1 3 165 77 498 0 10928 3 165 77 12 0 254 12 0 254
0 0 1 3 165 70 498 0 10928 3 165 70 0 0 1 3 165 70 498 0 10928 3 165 70 12 0 254 12 0 254
0 0 2 4 124 75 507 0 10930 4 124 75 0 0 2 4 124 75 507 0 10930 4 124 75 13 0 255 13 0 255
0 0 2 4 124 63 507 0 10930 4 124 63 0 0 2 4 124 63 507 0 10930 4 124 63 13 0 255 13 0 255
0 0 2 4 124 70 507 0 10930 4 124 70 0 0 2 4 124 70 507 0 10930 4 124 70 13 0 255 13 0 255
0 0 2 4 124 91 507 0 10930 4 124 91 0 0 2 4 124 91 507 0 10930 4 124 91 13 0 255 13 0 255
0 0 2 3 166 100 498 0 10929 3 166 100 0 0 2 3 166 100 498 0 10929 3 166 100 11 0 254 11 0 254
0 0 0 2 249 42 9 0 202 2 249 42 0 0 0 2 249 42 9 0 202 2 249 42 0 0 13 0 0 13
0 0 0 3 166 105 18 0 288 3 166 105 0 0 0 3 166 105 18 0 288 3 166 105 1 0 19 1 0 19
0 0 2 4 124 105 559 0 12066 4 124 105 0 0 2 4 124 105 559 0 12066 4 124 105 13 0 274 13 0 274
0 0 2 4 124 101 559 0 12066 4 124 101 0 0 2 4 124 101 559 0 12066 4 124 101 13 0 274 13 0 274
0 0 2 4 124 109 559 0 12066 4 124 109 0 0 2 4 124 109 559 0 12066 4 124 109 13 0 274 13 0 274
0 0 2 3 165 77 550 0 12064 3 165 77 0 0 2 3 165 77 550 0 12064 3 165 77 13 0 274 13 0 274
0 0 2 3 165 70 550 0 12064 3 165 70 0 0 2 3 165 70 550 0 12064 3 165 70 13 0 274 13 0 274
0 0 2 4 123 74 559 0 12065 4 123 74 0 0 2 4 123 74 559 0 12065 4 123 74 14 0 275 14 0 275
0 0 2 4 123 62 559 0 12065 4 123 62 0 0 2 4 123 62 559 0 12065 4 123 62 14 0 275 14 0 275
0 0 2 4 123 69 559 0 12065 4 123 69 0 0 2 4 123 69 559 0 12065 4 123 69 14 0 275 14 0 275
0 0 2 4 123 90 559 0 12065 4 123 90 0 0 2 4 123 90 559 0 12065 4 123 90 14 0 275 14 0 275
0 0 2 3 165 99 550 0 12064 3 165 99 0 0 2 3 165 99 550 0 12064 3 165 99 13 0 274 13 0 274
0 0 0 2 249 42 9 0 174 2 249 42 0 0 0 2 249 42 9 0 174 2 249 42 1 0 17 1 0 17
0 0 0 2 249 92 9 0 174 2 249 92 0 0 0 2 249 92 9 0 174 2 249 92 1 0 17 1 0 17
0 0 2 3 165 147 861 0 15297 3 165 147 0 0 2 3 165 147 861 0 15297 3 165 147 24 0 388 24 0 388
0 0 2 3 165 143 861 0 15297 3 165 143 0 0 2 3 165 143 861 0 15297 3 165 143 24 0 388 24 0 388
0 0 2 3 165 150 861 0 15297 3 165 150 0 0 2 3 165 150 861 0 15297 3 165 150 24 0 388 24 0 388
0 0 2 2 249 78 852 0 15297 2 249 78 0 0 2 2 249 78 852 0 15297 2 249 78 23 0 387 23 0 387
0 0 2 2 249 28 852 0 15297 2 249 28 0 0 2 2 249 28 852 0 15297 2 249 28 23 0 387 23 0 387
0 0 2 3 165 88 861 0 15298 3 165 88 0 0 2 3 165 88 861 0 15298 3 165 88 24 0 388 24 0 388
0 0 2 3 165 56 861 0 15298 3 165 56 0 0 2 3 165 56 861 0 15298 3 165 56 24 0 388 24 0 388
0 0 2 3 165 45 861 0 15298 3 165 45 0 0 2 3 165 45 861 0 15298 3 165 45 24 0 388 24 0 388
0 0 2 3 165 64 861 0 15298 3 165 64 0 0 2 3 165 64 861 0 15298 3 165 64 24 0 388 24 0 388
0 0 2 3 165 98 861 0 15298 3 165 98 0 0 2 3 165 98 861 0 15298 3 165 98 24 0 388 24 0 388
0 0 0 2 249 41 9 0 204 2 249 41 0 0 0 2 249 41 9 0 204 2 249 41 0 0 13 0 0 13
1 0 31 4 124 116 22010 0 491264 4 124 116 1 0 31 4 124 116 22010 0 491264 4 124 116 32 0 695 32 0 695
2 0 32 7 68 100 26964 0 492061 7 68 100 2 0 32 7 68 100 26964 0 492061 7 68 100 168 0 1087 168 0 1087
5 0 33 11 39 84 39762 0 493449 11 39 84 5 0 33 11 39 84 39762 0 493449 11 39 84 542 0 1669 542 0 1669
7 0 33 17 22 69 51876 0 494455 17 22 69 7 0 33 17 22 69 51876 0 494455 17 22 69 905 0 2031 905 0 2031
10 0 34 20 17 56 64489 0 495141 20 17 56 10 0 34 20 17 56 64489 0 495141 20 17 56 1282 0 2285 1282 0 2285
12 0 34 21 14 44 76461 0 495461 21 14 44 12 0 34 21 14 44 76461 0 495461 21 14 44 1649 0 2446 1649 0 2446
15 1 35 24 10 32 88786 82 495472 24 10 32 15 1 35 24 10 32 88786 82 495472 24 10 32 2037 54 2558 2037 54 2558
17 5 35 30 6 20 101432 793 495223 30 6 20 17 5 35 30 6 20 101432 793 495223 30 6 20 2404 158 2596 2404 158 2596
20 28 34 34 4 12 113434 169090 494692 34 4 12 20 28 34 34 4 12 113434 169090 494692 34 4 12 2754 4509 2582 2754 4509 2582
22 31 34 39 2 7 125761 170525 493810 39 2 7 22 31 34 39 2 7 125761 170525 493810 39 2 7 3127 4628 2519 3127 4628 2519
23 33 15 40 1 4 115749 170754 80364 40 1 4 23 33 15 40 1 4 115749 170754 80364 40 1 4 3461 4701 2344 3461 4701 2344
25 33 14 45 1 0 123455 170862 75850 45 1 0 25 33 14 45 1 0 123455 170862 75850 45 1 0 3684 4737 2218 3684 4737 2218
25 33 14 45 1 0 123309 170766 75483 45 1 0 25 33 14 45 1 0 123309 170766 75483 45 1 0 3688 4736 2214 3688 4736 2214
25 33 14 41 1 2 120390 170698 78499 41 1 2 25 33 14 41 1 2 120390 170698 78499 41 1 2 3585 4662 2251 3585 4662 2251
22 32 16 37 2 10 107769 170598 83035 37 2 10 22 32 16 37 2 10 107769 170598 83035 37 2 10 3208 4625 2389 3208 4625 2389
19 30 16 36 4 19 95796 170341 85601 36 4 19 19 30 16 36 4 19 95796 170341 85601 36 4 19 2841 4513 2468 2841 4513 2468
17 7 17 33 6 28 83472 2988 86543 33 6 28 17 7 17 33 6 28 83472 2988 86543 33 6 28 2453 426 2480 2453 426 2480
14 4 17 27 9 40 70825 244 85333 27 9 40 14 4 17 27 9 40 70825 244 85333 27 9 40 2085 61 2448 2085 61 2448
12 0 16 24 12 45 58833 0 82367 24 12 45 12 0 16 24 12 45 58833 0 82367 24 12 45 1736 0 2365 1736 0 2365
9 0 15 19 17 52 46505 0 77494 19 17 52 9 0 15 19 17 52 46505 0 77494 19 17 52 1364 0 2210 1364 0 2210
7 0 14 16 23 62 34516 0 70431 16 23 62 7 0 14 16 23 62 34516 0 70431 16 23 62 997 0 1977 997 0 1977
4 0 11 7 60 94 21856 0 59239 7 60 94 4 0 11 7 60 94 21856 0 59239 7 60 94 638 0 1659 638 0 1659
1 0 8 3 155 109 9204 0 42098 3 155 109 1 0 8 3 155 109 9204 0 42098 3 155 109 260 0 1100 260 0 1100
0 0 0 2 249 40 9 0 205 2 249 40 0 0 0 2 249 40 9 0 205 2 249 40 0 0 13 0 0 13
0 0 0 3 166 105 18 0 296 3 166 105 0 0 0 3 166 105 18 0 296 3 166 105 1 0 19 1 0 19
0 0 3 4 124 106 1280 0 28144 4 124 106 0 0 3 4 124 106 1280 0 28144 4 124 106 20 0 414 20 0 414
0 0 3 4 124 101 1280 0 28144 4 124 101 0 0 3 4 124 101 1280 0 28144 4 124 101 20 0 414 20 0 414
0 0 3 4 124 107 1280 0 28144 4 124 107 0 0 3 4 124 107 1280 0 28144 4 124 107 20 0 414 20 0 414
0 0 3 3 165 75 1271 0 28144 3 165 75 0 0 3 3 165 75 1271 0 28144 3 165 75 19 0 414 19 0 414
0 0 3 3 165 64 1271 0 28144 3 165 64 0 0 3 3 165 64 1271 0 28144 3 165 64 19 0 414 19 0 414
0 0 3 3 165 76 1271 0 28144 3 165 76 0 0 3 3 165 76 1271 0 28144 3 165 76 19 0 414 19 0 414
0 0 3 3 165 105 1271 0 28144 3 165 105 0 0 3 3 165 105 1271 0 28144 3 165 105 19 0 414 19 0 414
0 0 3 3 165 139 1271 0 28144 3 165 139 0 0 3 3 165 139 1271 0 28144 3 165 139 19 0 414 19 0 414
0 0 3 3 165 176 1271 0 28144 3 165 176 0 0 3 3 165 176 1271 0 28144 3 165 176 19 0 414 19 0 414
0 0 3 2 249 214 1261 0 28144 2 249 214 0 0 3 2 249 214 1261 0 28144 2 249 214 18 0 413 18 0 413
0 0 0 1 500 0 0 0 0 1 500 0 0 0 0 1 500 0 0 0 0 1 500 0 0 0 0 0 0 0
0 0 0 2 249 210 9 0 200 2 249 210 0 0 0 2 249 210 9 0 200 2 249 210 0 0 16 0 0 16
0 0 1 3 165 174 309 0 6703 3 165 174 0 0 1 3 165 174 309 0 6703 3 165 174 10 0 216 10 0 216
0 0 1 3 165 137 309 0 6703 3 165 137 0 0 1 3 165 137 309 0 6703 3 165 137 10 0 216 10 0 216
0 0 1 3 165 102 309 0 6703 3 165 102 0 0 1 3 165 102 309 0 6703 3 165 102 10 0 216 10 0 216
0 0 1 3 165 74 309 0 6703 3 165 74 0 0 1 3 165 74 309 0 6703 3 165 74 10 0 216 10 0 216
0 0 1 3 165 63 309 0 6703 3 165 63 0 0 1 3 165 63 309 0 6703 3 165 63 10 0 216 10 0 216
0 0 1 4 123 70 319 0 6706 4 123 70 0 0 1 4 123 70 319 0 6706 4 123 70 11 0 217 11 0 217
0 0 1 4 123 57 319 0 6706 4 123 57 0 0 1 4 123 57 319 0 6706 4 123 57 11 0 217 11 0 217
0 0 1 4 123 63 319 0 6706 4 123 63 0 0 1 4 123 63 319 0 6706 4 123 63 11 0 217 11 0 217
0 0 1 4 123 85 319 0 6706 4 123 85 0 0 1 4 123 85 319 0 6706 4 123 85 11 0 217 11 0 217
0 0 1 3 165 91 309 0 6704 3 165 91 0 0 1 3 165 91 309 0 6704 3 165 91 10 0 216 10 0 216
0 0 0 2 249 39 9 0 208 2 249 39 0 0 0 2 249 39 9 0 208 2 249 39 0 0 13 0 0 13
0 0 0 2 249 89 9 0 208 2 249 89 0 0 0 2 249 89 9 0 208 2 249 89 0 0 13 0 0 13
2 0 46 4 123 129 95163 0 1725719 4 123 129 2 0 46 4 123 129 95163 0 1725719 4 123 129 155 0 2253 155 0 2253
2 0 46 4 123 124 95163 0 1725719 4 123 124 2 0 46 4 123 124 95163 0 1725719 4 123 124 155 0 2253 155 0 2253
2 0 46 4 123 129 95163 0 1725719 4 123 129 2 0 46 4 123 129 95163 0 1725719 4 123 129 155 0 2253 155 0 2253
2 0 46 3 165 107 95153 0 1725719 3 165 107 2 0 46 3 165 107 95153 0 1725719 3 165 107 154 0 2253 154 0 2253
2 0 46 3 165 92 95153 0 1725719 3 165 92 2 0 46 3 165 92 95153 0 1725719 3 165 92 154 0 2253 154 0 2253
2 0 46 4 123 86 95163 0 1725719 4 123 86 2 0 46 4 123 86 95163 0 1725719 4 123 86 155 0 2253 155 0 2253
2 0 46 4 123 68 95163 0 1725719 4 123 68 2 0 46 4 123 68 95163 0 1725719 4 123 68 155 0 2253 155 0 2253
2 0 46 4 123 66 95163 0 1725719 4 123 66 2 0 46 4 123 66 95163 0 1725719 4 123 66 155 0 2253 155 0 2253
2 0 46 4 123 81 95163 0 1725719 4 123 81 2 0 46 4 123 81 95163 0 1725719 4 123 81 155 0 2253 155 0 2253
2 0 46 3 164 91 95163 0 1725719 3 164 91 2 0 46 3 164 91 95163 0 1725719 3 164 91 155 0 2253 155 0 2253
0 0 0 2 249 39 9 0 206 2 249 39 0 0 0 2 249 39 9 0 206 2 249 39 0 0 13 0 0 13
0 0 0 2 249 89 9 0 206 2 249 89 0 0 0 2 249 89 9 0 206 2 249 89 0 0 13 0 0 13
0 0 2 3 166 156 530 0 11645 3 166 156 0 0 2 3 166 156 530 0 11645 3 166 156 12 0 271 12 0 271
0 0 2 3 166 151 530 0 11645 3 166 151 0 0 2 3 166 151 530 0 11645 3 166 151 12 0 271 12 0 271
0 0 2 3 166 156 530 0 11645 3 166 156 0 0 2 3 166 156 530 0 11645 3 166 156 12 0 271 12 0 271
0 0 1 2 249 91 521 0 11644 2 249 91 0 0 1 2 249 91 521 0 11644 2 249 91 12 0 270 12 0 270
0 0 1 2 249 41 521 0 11644 2 249 41 0 0 1 2 249 41 521 0 11644 2 249 41 12 0 270 12 0 270
0 0 1 2 249 8 521 0 11644 2 249 8 0 0 1 2 249 8 521 0 11644 2 249 8 12 0 270 12 0 270
0 0 1 2 249 58 521 0 11644 2 249 58 0 0 1 2 249 58 521 0 11644 2 249 58 12 0 270 12 0 270
0 0 1 2 249 108 521 0 11644 2 249 108 0 0 1 2 249 108 521 0 11644 2 249 108 12 0 270 12 0 270
0 0 1 2 249 158 521 0 11644 2 249 158 0 0 1 2 249 158 521 0 11644 2 249 158 12 0 270 12 0 270
0 0 1 2 249 208 521 0 11644 2 249 208 0 0 1 2 249 208 521 0 11644 2 249 208 12 0 270 12 0 270
0 0 0 1 500 0 0 0 0 1 500 0 0 0 0 1 500 0 0 0 0 1 500 0 0 0 0 0 0 0
0 0 0 1 500 0 0 0 0 1 500 0 0 0 0 1 500 0 0 0 0 1 500 0 0 0 0 0 0 0
0 0 3 1 493 0 1918 0 19326 1 493 0 0 0 3 1 493 0 1918 0 19326 1 493 0 57 0 562 57 0 562
2 0 9 4 111 191 14003 0 47297 4 111 191 2 0 9 4 111 191 14003 0 47297 4 111 191 428 0 1432 428 0 1432
5 0 11 7 57 137 25604 0 61028 7 57 137 5 0 11 7 57 137 25604 0 61028 7 57 137 786 0 1851 786 0 1851
7 0 13 9 39 107 37752 0 70585 9 39 107 7 0 13 9 39 107 37752 0 70585 9 39 107 1163 0 2143 1163 0 2143
10 0 15 12 25 80 49920 0 77325 12 25 80 10 0 15 12 25 80 49920 0 77325 12 25 80 1529 0 2336 1529 0 2336
12 0 15 15 17 60 62198 0 81805 15 17 60 12 0 15 15 17 60 62198 0 81805 15 17 60 1902 0 2470 1902 0 2470
15 4 16 23 9 39 73499 368 84205 23 9 39 15 4 16 23 9 39 73499 368 84205 23 9 39 2238 79 2532 2238 79 2532
17 17 16 24 6 28 85549 81381 84912 24 6 28 17 17 16 24 6 28 85549 81381 84912 24 6 28 2612 4384 2553 2612 4384 2553
20 30 15 29 4 16 98024 169727 84026 29 4 16 20 30 15 29 4 16 98024 169727 84026 29 4 16 2989 4624 2516 2989 4624 2516
22 31 15 33 2 7 110252 170416 81436 33 2 7 22 31 15 33 2 7 110252 170416 81436 33 2 7 3359 4692 2426 3359 4692 2426
24 32 13 35 1 0 120375 170767 77184 35 1 0 24 32 13 35 1 0 120375 170767 77184 35 1 0 3679 4747 2288 3679 4747 2288
24 32 14 33 1 0 120989 170836 77367 33 1 0 24 32 14 33 1 0 120989 170836 77367 33 1 0 3684 4747 2286 3684 4747 2286
24 32 14 32 1 0 121175 170940 77955 32 1 0 24 32 14 32 1 0 121175 170940 77955 32 1 0 3676 4747 2292 3676 4747 2292
22 31 15 30 2 9 109027 170757 82741 30 2 9 22 31 15 30 2 9 109027 170757 82741 30 2 9 3299 4685 2445 3299 4685 2445
19 29 16 27 4 19 96859 170191 85367 27 4 19 19 29 16 27 4 19 96859 170191 85367 27 4 19 2933 4613 2532 2933 4613 2532
17 8 16 24 7 30 84581 9066 86173 24 7 30 17 8 16 24 7 30 84581 9066 86173 24 7 30 2560 901 2557 2560 901 2557
15 5 16 16 13 49 73279 544 85310 16 13 49 15 5 16 16 13 49 73279 544 85310 16 13 49 2224 98 2538 2224 98 2538
12 0 16 16 16 51 61239 0 82834 16 16 51 12 0 16 16 16 51 61239 0 82834 16 16 51 1851 0 2458 1851 0 2458
10 0 15 11 28 63 48763 0 78060 11 28 63 10 0 15 11 28 63 48763 0 78060 11 28 63 1474 0 2318 1474 0 2318
7 0 13 7 51 81 36536 0 70838 7 51 81 7 0 13 7 51 81 36536 0 70838 7 51 81 1104 0 2103 1104 0 2103
5 0 12 4 101 100 24495 0 60958 4 101 100 5 0 12 4 101 100 24495 0 60958 4 101 100 727 0 1786 727 0 1786
2 0 8 3 151 106 11795 0 44093 3 151 106 2 0 8 3 151 106 11795 0 44093 3 151 106 350 0 1287 350 0 1287
0 0 0 2 249 39 9 0 174 2 249 39 0 0 0 2 249 39 9 0 174 2 249 39 1 0 17 1 0 17
0 0 0 3 165 106 18 0 266 3 165 106 0 0 0 3 165 106 18 0 266 3 165 106 1 0 21 1 0 21
0 0 18 5 98 105 25640 0 561177 5 98 105 0 0 18 5 98 105 25640 0 561177 5 98 105 74 0 1409 74 0 1409
0 0 18 5 98 100 25640 0 561177 5 98 100 0 0 18 5 98 100 25640 0 561177 5 98 100 74 0 1409 74 0 1409
0 0 18 5 98 104 25640 0 561177 5 98 104 0 0 18 5 98 104 25640 0 561177 5 98 104 74 0 1409 74 0 1409
0 0 18 4 124 91 25631 0 561177 4 124 91 0 0 18 4 124 91 25631 0 561177 4 124 91 73 0 1409 73 0 1409
0 0 18 4 124 82 25631 0 561177 4 124 82 0 0 18 4 124 82 25631 0 561177 4 124 82 73 0 1409 73 0 1409
0 0 18 5 99 73 25640 0 561177 5 99 73 0 0 18 5 99 73 25640 0 561177 5 99 73 74 0 1409 74 0 1409
0 0 18 5 99 63 25640 0 561177 5 99 63 0 0 18 5 99 63 25640 0 561177 5 99 63 74 0 1409 74 0 1409
0 0 18 5 99 67 25640 0 561177 5 99 67 0 0 18 5 99 67 25640 0 561177 5 99 67 74 0 1409 74 0 1409
0 0 18 5 99 83 25640 0 561177 5 99 83 0 0 18 5 99 83 25640 0 561177 5 99 83 74 0 1409 74 0 1409
0 0 18 4 124 102 25631 0 561177 4 124 102 0 0 18 4 124 102 25631 0 561177 4 124 102 73 0 1409 73 0 1409
0 0 0 2 249 38 9 0 202 2 249 38 0 0 0 2 249 38 9 0 202 2 249 38 0 0 13 0 0 13
0 0 0 3 165 107 18 0 270 3 165 107 0 0 0 3 165 107 18 0 270 3 165 107 1 0 22 1 0 22
