564 22802579 287 26304 40430 91
150 1337410 110 25607 8916 232
177 1527763 126 29280 8631 232
156 1337453 111 25659 8573 231
179 1528831 128 29384 8540 229
170 1337375 112 25719 7866 229
166 1336959 114 25815 8053 226
184 1530654 128 29376 8318 229
159 1371873 108 25503 8628 236
153 1387120 115 25875 9066 225
193 1597741 145 30260 8278 208
187 1585307 125 29228 8477 233
175 1387686 118 26031 7929 220
188 1582297 130 29480 8416 226
158 1384472 111 25659 8762 231
188 1582246 131 29540 8416 225
161 1383643 116 25919 8594 223
187 1583830 126 29280 8469 232
160 1388533 114 25815 8678 226
184 1580794 129 29400 8591 227
162 1380271 115 25903 8520 225
180 1579797 129 29400 8776 227
172 1381363 114 25851 8031 226
179 1586886 127 29332 8865 230
164 1379093 117 25979 8409 222
185 1574449 127 29324 8510 230
190 1576150 131 29540 8295 225
167 1376024 115 25867 8239 224
182 1573489 127 29332 8645 230
179 1379226 122 29081 7705 238
219 2397234 165 34146 10946 206
196 1576065 134 29696 8041 221
164 1372537 113 25763 8369 227
185 1566286 129 29436 8466 228
164 1372238 117 25971 8367 221
178 1578297 133 29644 8866 222
147 1262171 115 25867 8586 224
181 1558498 135 29748 8610 220
162 1384255 124 26335 8544 212
182 1598599 135 29748 8783 220
172 1399613 119 26075 8137 219
198 1607835 142 30112 8120 212
164 1409700 118 26061 8595 220
182 1613753 134 29696 8866 221
174 1465166 121 28788 8420 237
166 1562547 123 26515 9412 215
172 1577560 128 29348 9171 229
159 1372141 112 25747 8629 229
166 1384471 118 28122 8340 238
192 1561293 134 30439 8131 227
173 1378658 119 28174 7969 236
177 1573387 130 27423 8889 210
167 1379443 116 25919 8260 223
159 1378131 114 27914 8667 244
179 1576204 127 27233 8805 214
163 1379660 122 26231 8464 215
166 1380245 115 25867 8314 224
162 1382832 116 28018 8536 241
191 1579263 138 27863 8268 201
170 1385683 129 26847 8151 208
202 1585472 140 30416 7848 217
181 1388206 132 27260 7669 206
185 1581469 139 29994 8548 215
160 1379748 130 28810 8623 221
176 1574146 133 27598 8944 207
167 1381374 122 26231 8271 215
180 1576102 129 29436 8756 228
223 2006083 161 33714 8995 209
122 982163 88 19013 8050 216
0 0 0 0 0 0
0 0 0 0 0 0
3 489 3 276 163 92
0 0 0 0 0 0
3 512 3 255 170 85
0 0 0 0 0 0
0 0 0 0 0 0
0 0 0 0 0 0
9 1439 7 3206 159 458
0 0 0 0 0 0
0 0 0 0 0 0
4 394 4 292 98 73
0 0 0 0 0 0
0 0 0 0 0 0
0 0 0 0 0 0
0 0 0 0 0 0
36 428489 26 4198 11902 161
0 0 0 0 0 0
0 0 0 0 0 0
0 0 0 0 0 0
0 0 0 0 0 0
0 0 0 0 0 0
0 0 0 0 0 0
0 0 0 0 0 0
2 204 2 204 102 102
0 0 0 0 0 0
0 0 0 0 0 0
0 0 0 0 0 0
9 1496 7 3206 166 458
0 0 0 0 0 0
0 0 0 0 0 0
0 0 0 0 0 0
0 0 0 0 0 0
0 0 0 0 0 0
0 0 0 0 0 0
0 0 0 0 0 0
0 0 0 0 0 0
0 0 0 0 0 0
0 0 0 0 0 0
0 0 0 0 0 0
0 0 0 0 0 0
0 0 0 0 0 0
0 0 0 0 0 0
0 0 0 0 0 0
0 0 0 0 0 0
1 102 1 102 102 102
0 0 0 0 0 0
0 0 0 0 0 0
4 536 4 302 134 75
0 0 0 0 0 0
0 0 0 0 0 0
0 0 0 0 0 0
0 0 0 0 0 0
935 40320617 364 23891 43123 65
493 24995039 221 12223 50699 55
0 0 0 0 0 0
0 0 0 0 0 0
0 0 0 0 0 0
0 0 0 0 0 0
0 0 0 0 0 0
0 0 0 0 0 0
0 0 0 0 0 0
0 0 0 0 0 0
0 0 0 0 0 0
0 0 0 0 0 0
9 1534 7 3206 170 458
0 0 0 0 0 0
0 0 0 0 0 0
0 0 0 0 0 0
0 0 0 0 0 0
0 0 0 0 0 0
0 0 0 0 0 0
1 230 1 86 230 86
0 0 0 0 0 0
45 660082 35 4666 14668 133
0 0 0 0 0 0
0 0 0 0 0 0
0 0 0 0 0 0
0 0 0 0 0 0
0 0 0 0 0 0
0 0 0 0 0 0
6 1131 6 501 188 83
0 0 0 0 0 0
0 0 0 0 0 0
0 0 0 0 0 0
0 0 0 0 0 0
0 0 0 0 0 0
0 0 0 0 0 0
0 0 0 0 0 0
0 0 0 0 0 0
0 0 0 0 0 0
0 0 0 0 0 0
9 1595 7 3206 177 458
0 0 0 0 0 0
0 0 0 0 0 0
0 0 0 0 0 0
0 0 0 0 0 0
0 0 0 0 0 0
0 0 0 0 0 0
0 0 0 0 0 0
0 0 0 0 0 0
0 0 0 0 0 0
0 0 0 0 0 0
0 0 0 0 0 0
0 0 0 0 0 0
0 0 0 0 0 0
0 0 0 0 0 0
0 0 0 0 0 0
0 0 0 0 0 0
0 0 0 0 0 0
0 0 0 0 0 0
0 0 0 0 0 0
56 782338 45 5186 13970 115
0 0 0 0 0 0
0 0 0 0 0 0
0 0 0 0 0 0
0 0 0 0 0 0
0 0 0 0 0 0
0 0 0 0 0 0
0 0 0 0 0 0
0 0 0 0 0 0
0 0 0 0 0 0
9 1372 7 3206 152 458
0 0 0 0 0 0
0 0 0 0 0 0
0 0 0 0 0 0
0 0 0 0 0 0
0 0 0 0 0 0
0 0 0 0 0 0
0 0 0 0 0 0
0 0 0 0 0 0
0 0 0 0 0 0
0 0 0 0 0 0
0 0 0 0 0 0
0 0 0 0 0 0
0 0 0 0 0 0
0 0 0 0 0 0
0 0 0 0 0 0
0 0 0 0 0 0
0 0 0 0 0 0
0 0 0 0 0 0
0 0 0 0 0 0
0 0 0 0 0 0
0 0 0 0 0 0
0 0 0 0 0 0
0 0 0 0 0 0
0 0 0 0 0 0
0 0 0 0 0 0
9 1418 7 3206 157 458
0 0 0 0 0 0
0 0 0 0 0 0
0 0 0 0 0 0
2055 91515163 975 56179 44532 57
2 104 3 387 52 129
0 0 0 0 0 0
0 0 0 0 0 0
0 0 0 0 0 0
0 0 0 0 0 0
0 0 0 0 0 0
0 0 0 0 0 0
0 0 0 0 0 0
2 166 2 150 83 75
0 0 0 0 0 0
0 0 0 0 0 0
0 0 0 0 0 0
0 0 0 0 0 0
0 0 0 0 0 0
0 0 0 0 0 0
0 0 0 0 0 0
0 0 0 0 0 0
0 0 0 0 0 0
0 0 0 0 0 0
0 0 0 0 0 0
0 0 0 0 0 0
0 0 0 0 0 0
0 0 0 0 0 0
0 0 0 0 0 0
0 0 0 0 0 0
0 0 0 0 0 0
0 0 0 0 0 0
0 0 0 0 0 0
0 0 0 0 0 0
0 0 0 0 0 0
9 1505 7 3206 167 458
0 0 0 0 0 0
50 782437 43 5082 15648 118
0 0 0 0 0 0
0 0 0 0 0 0
0 0 0 0 0 0
0 0 0 0 0 0
0 0 0 0 0 0
0 0 0 0 0 0
0 0 0 0 0 0
0 0 0 0 0 0
0 0 0 0 0 0
0 0 0 0 0 0
0 0 0 0 0 0
0 0 0 0 0 0
0 0 0 0 0 0
0 0 0 0 0 0
0 0 0 0 0 0
0 0 0 0 0 0
0 0 0 0 0 0
0 0 0 0 0 0
0 0 0 0 0 0
0 0 0 0 0 0
0 0 0 0 0 0
0 0 0 0 0 0
0 0 0 0 0 0
0 0 0 0 0 0
0 0 0 0 0 0
0 0 0 0 0 0
0 0 0 0 0 0
25 201592 16 3673 8063 229
179 1467892 134 29696 8200 221
147 1212825 105 25347 8250 241
182 1393056 123 29088 7654 236
151 1205751 107 25487 7985 238
159 1227830 107 25451 7722 237
176 1413819 127 29296 8033 230
163 1243996 115 25903 7631 225
168 1422046 124 29140 8464 235
157 1244023 115 25903 7923 225
177 1411322 126 29280 7973 232
151 1245958 112 25711 8251 229
174 1421580 124 29176 8170 235
157 1253020 111 25671 7981 231
154 1255907 115 25867 8155 224
165 1434957 123 29124 8696 236
150 1260192 118 26023 8401 220
175 1440789 128 29384 8233 229
165 1262356 119 28929 7650 243
181 1438469 126 29280 7947 232
967 34903368 529 50004 36094 94
166 1259982 117 26210 7590 224
180 1403685 125 29220 7798 233
146 1201935 111 25659 8232 231
184 1367388 127 29332 7431 230
153 1200713 110 25607 7847 232
172 1414672 129 29436 8224 228
157 1223611 115 25867 7793 224
168 1391306 123 29088 8281 236
143 1218292 109 25591 8519 234
198 1975410 140 30013 9976 214
165 1391329 122 29072 8432 238
150 1217416 108 25503 8116 236
152 1218234 115 25875 8014 225
182 1389503 132 32426 7634 245
154 1300449 112 28320 8444 252
164 1327920 115 26099 8097 226
179 1433471 131 29504 8008 225
158 1265985 109 25591 8012 234
171 1453211 123 29088 8498 236
146 1270442 113 25799 8701 228
155 1270238 108 25503 8195 236
175 1450594 125 29228 8289 233
153 1250505 110 25607 8173 232
175 1423861 121 28984 8136 239
164 1244160 113 25799 7586 228
168 1325563 119 28684 7890 241
171 1319521 119 26307 7716 221
151 1223412 107 25451 8102 237
156 1219939 109 25579 7820 234
131 1042600 90 21702 7958 241
70 521741 45 10923 7453 242
114 868602 84 18549 7619 220
134 869595 96 22075 6489 229
105 696934 75 15284 6637 203
145 1065134 98 22098 7345 225
172 1649951 130 23627 9592 181
122 886376 83 18789 7265 226
158 1237946 111 25671 7835 231
130 1063403 100 22258 8180 222
174 1414503 131 29540 8129 225
149 1237081 109 25555 8302 234
180 1415423 124 29176 7863 235
149 1238278 109 25555 8310 234
142 1237164 107 25451 8712 237
0 0 0 0 0 0
0 0 0 0 0 0
0 0 0 0 0 0
0 0 0 0 0 0
1 254 1 86 254 86
0 0 0 0 0 0
0 0 0 0 0 0
0 0 0 0 0 0
0 0 0 0 0 0
0 0 0 0 0 0
0 0 0 0 0 0
0 0 0 0 0 0
2 186 2 170 93 85
0 0 0 0 0 0
0 0 0 0 0 0
0 0 0 0 0 0
0 0 0 0 0 0
0 0 0 0 0 0
0 0 0 0 0 0
0 0 0 0 0 0
0 0 0 0 0 0
0 0 0 0 0 0
0 0 0 0 0 0
0 0 0 0 0 0
49 773873 41 4978 15793 121
0 0 0 0 0 0
0 0 0 0 0 0
0 0 0 0 0 0
0 0 0 0 0 0
0 0 0 0 0 0
0 0 0 0 0 0
0 0 0 0 0 0
0 0 0 0 0 0
0 0 0 0 0 0
0 0 0 0 0 0
0 0 0 0 0 0
0 0 0 0 0 0
0 0 0 0 0 0
0 0 0 0 0 0
0 0 0 0 0 0
0 0 0 0 0 0
0 0 0 0 0 0
0 0 0 0 0 0
0 0 0 0 0 0
0 0 0 0 0 0
9 1370 7 3206 152 458
0 0 0 0 0 0
0 0 0 0 0 0
0 0 0 0 0 0
0 0 0 0 0 0
0 0 0 0 0 0
0 0 0 0 0 0
0 0 0 0 0 0
0 0 0 0 0 0
0 0 0 0 0 0
0 0 0 0 0 0
0 0 0 0 0 0
0 0 0 0 0 0
0 0 0 0 0 0
0 0 0 0 0 0
1 101 1 84 101 84
0 0 0 0 0 0
0 0 0 0 0 0
0 0 0 0 0 0
0 0 0 0 0 0
0 0 0 0 0 0
0 0 0 0 0 0
0 0 0 0 0 0
3 440 3 252 146 84
55 780902 41 5156 14198 125
0 0 0 0 0 0
0 0 0 0 0 0
0 0 0 0 0 0
0 0 0 0 0 0
0 0 0 0 0 0
0 0 0 0 0 0
0 0 0 0 0 0
0 0 0 0 0 0
0 0 0 0 0 0
0 0 0 0 0 0
0 0 0 0 0 0
0 0 0 0 0 0
0 0 0 0 0 0
0 0 0 0 0 0
0 0 0 0 0 0
0 0 0 0 0 0
0 0 0 0 0 0
0 0 0 0 0 0
0 0 0 0 0 0
0 0 0 0 0 0
0 0 0 0 0 0
0 0 0 0 0 0
0 0 0 0 0 0
0 0 0 0 0 0
1 230 1 86 230 86
0 0 0 0 0 0
0 0 0 0 0 0
0 0 0 0 0 0
0 0 0 0 0 0
0 0 0 0 0 0
0 0 0 0 0 0
0 0 0 0 0 0
0 0 0 0 0 0
0 0 0 0 0 0
0 0 0 0 0 0
0 0 0 0 0 0
0 0 0 0 0 0
0 0 0 0 0 0
0 0 0 0 0 0
0 0 0 0 0 0
0 0 0 0 0 0
0 0 0 0 0 0
0 0 0 0 0 0
0 0 0 0 0 0
0 0 0 0 0 0
0 0 0 0 0 0
0 0 0 0 0 0
0 0 0 0 0 0
0 0 0 0 0 0
0 0 0 0 0 0
0 0 0 0 0 0
0 0 0 0 0 0
0 0 0 0 0 0
0 0 0 0 0 0
37 781627 31 4458 21125 143
0 0 0 0 0 0
0 0 0 0 0 0
0 0 0 0 0 0
0 0 0 0 0 0
0 0 0 0 0 0
0 0 0 0 0 0
773 33474332 370 22080 43304 59
0 0 0 0 0 0
0 0 0 0 0 0
0 0 0 0 0 0
0 0 0 0 0 0
0 0 0 0 0 0
0 0 0 0 0 0
0 0 0 0 0 0
0 0 0 0 0 0
0 0 0 0 0 0
0 0 0 0 0 0
0 0 0 0 0 0
0 0 0 0 0 0
0 0 0 0 0 0
0 0 0 0 0 0
0 0 0 0 0 0
0 0 0 0 0 0
0 0 0 0 0 0
0 0 0 0 0 0
0 0 0 0 0 0
0 0 0 0 0 0
0 0 0 0 0 0
0 0 0 0 0 0
0 0 0 0 0 0
0 0 0 0 0 0
0 0 0 0 0 0
62 778373 54 5654 12554 104
0 0 0 0 0 0
0 0 0 0 0 0
0 0 0 0 0 0
0 0 0 0 0 0
0 0 0 0 0 0
0 0 0 0 0 0
0 0 0 0 0 0
0 0 0 0 0 0
0 0 0 0 0 0
0 0 0 0 0 0
0 0 0 0 0 0
0 0 0 0 0 0
0 0 0 0 0 0
0 0 0 0 0 0
0 0 0 0 0 0
0 0 0 0 0 0
0 0 0 0 0 0
0 0 0 0 0 0
1 101 1 84 101 84
0 0 0 0 0 0
0 0 0 0 0 0
0 0 0 0 0 0
0 0 0 0 0 0
0 0 0 0 0 0
0 0 0 0 0 0
0 0 0 0 0 0
0 0 0 0 0 0
0 0 0 0 0 0
0 0 0 0 0 0
0 0 0 0 0 0
0 0 0 0 0 0
0 0 0 0 0 0
0 0 0 0 0 0
0 0 0 0 0 0
0 0 0 0 0 0
0 0 0 0 0 0
0 0 0 0 0 0
0 0 0 0 0 0
0 0 0 0 0 0
0 0 0 0 0 0
0 0 0 0 0 0
0 0 0 0 0 0
0 0 0 0 0 0
0 0 0 0 0 0
0 0 0 0 0 0
22 212133 17 3730 9642 219
0 0 0 0 0 0
23 174228 14 3569 7575 254
177 1383811 124 29176 7818 235
151 1209106 114 25815 8007 226
169 1373899 122 28840 8129 236
155 1214521 111 25891 7835 233
167 1377734 115 28476 8249 247
144 1207135 115 26099 8382 226
147 1207022 113 25763 8211 227
154 1209350 113 25763 7852 227
174 1380770 131 29540 7935 225
160 1207926 108 25503 7549 236
171 1380027 123 29124 8070 236
160 1207798 109 25555 7548 234
177 1379783 130 29625 7795 227
146 1207626 109 25635 8271 235
175 1381241 129 29637 7892 229
174 1380594 121 28984 7934 239
147 1206188 106 25435 8205 239
176 1381242 120 28968 7847 241
154 1208036 106 25399 7844 239
172 1373918 121 29020 7987 239
164 1373810 120 28932 8376 241
160 1203575 107 25487 7522 238
177 1381547 130 29488 7805 226
144 1203680 112 25711 8358 229
169 1372050 118 28864 8118 244
147 1200709 114 25815 8168 226
159 1368437 124 29140 8606 235
151 1196818 112 25747 7925 229
152 1194177 104 25303 7856 243
155 1364472 121 29012 8803 239
146 1197233 112 25719 8200 229
154 1374730 117 28804 8926 246
145 1202650 100 25087 8294 250
166 1372651 121 29020 8268 239
152 1204674 107 25451 7925 237
200 1584704 141 32870 7923 233
150 1203283 116 25955 8021 223
139 1204167 106 25399 8663 239
174 1376745 121 29020 7912 239
147 1205385 109 25555 8199 234
169 1374431 126 29280 8132 232
150 1202435 113 25763 8016 227
172 1375914 118 28864 7999 244
5260 93872051 2270 140779 17846 62
149 1207821 109 25555 8106 234
166 1374048 118 28864 8277 244
145 1197752 104 25295 8260 243
167 1367481 115 28672 8188 249
147 1201580 107 25487 8174 238
145 1206004 108 25511 8317 236
169 1376705 124 29168 8146 235
150 1202731 108 25503 8018 236
157 1376310 119 28880 8766 242
155 1204266 118 26059 7769 220
171 1375267 125 29228 8042 233
161 1205732 112 25711 7489 229
148 1204456 106 25399 8138 239
163 1376846 119 28916 8446 242
148 1206489 106 25399 8151 239
174 1381672 119 28916 7940 242
166 1207705 112 25719 7275 229
165 1378921 118 28856 8357 244
182 1428262 127 29337 7847 231
180 1400053 130 29488 7778 226
151 1221410 108 25503 8088 236
181 1390466 122 29072 7682 238
161 1217333 107 25451 7561 237
161 1390119 118 28828 8634 244
157 1226384 110 25643 7811 233
163 1268061 116 25919 7779 223
174 1457966 128 29384 8379 229
155 1280699 108 25503 8262 236
153 1282851 114 27914 8384 244
184 1466254 133 27545 7968 207
169 1464769 127 29296 8667 230
152 1282577 115 25903 8438 225
159 1285277 119 28174 8083 236
164 1467283 125 27129 8946 217
168 1289634 115 28709 7676 249
157 1287386 112 25711 8199 229
0 0 0 0 0 0
0 0 0 0 0 0
0 0 0 0 0 0
0 0 0 0 0 0
0 0 0 0 0 0
0 0 0 0 0 0
0 0 0 0 0 0
0 0 0 0 0 0
0 0 0 0 0 0
0 0 0 0 0 0
0 0 0 0 0 0
0 0 0 0 0 0
0 0 0 0 0 0
34 219018 23 6884 6441 299
0 0 0 0 0 0
0 0 0 0 0 0
0 0 0 0 0 0
0 0 0 0 0 0
1 254 1 86 254 86
0 0 0 0 0 0
0 0 0 0 0 0
0 0 0 0 0 0
0 0 0 0 0 0
0 0 0 0 0 0
0 0 0 0 0 0
0 0 0 0 0 0
0 0 0 0 0 0
0 0 0 0 0 0
0 0 0 0 0 0
0 0 0 0 0 0
0 0 0 0 0 0
0 0 0 0 0 0
0 0 0 0 0 0
0 0 0 0 0 0
0 0 0 0 0 0
0 0 0 0 0 0
0 0 0 0 0 0
0 0 0 0 0 0
0 0 0 0 0 0
0 0 0 0 0 0
0 0 0 0 0 0
9 1362 7 3206 151 458
0 0 0 0 0 0
0 0 0 0 0 0
0 0 0 0 0 0
0 0 0 0 0 0
0 0 0 0 0 0
0 0 0 0 0 0
0 0 0 0 0 0
0 0 0 0 0 0
0 0 0 0 0 0
0 0 0 0 0 0
2 313 2 168 156 84
2 279 2 182 139 91
3 549 3 239 183 79
0 0 0 0 0 0
0 0 0 0 0 0
0 0 0 0 0 0
0 0 0 0 0 0
0 0 0 0 0 0
0 0 0 0 0 0
0 0 0 0 0 0
26 222071 18 3782 8541 210
0 0 0 0 0 0
0 0 0 0 0 0
0 0 0 0 0 0
0 0 0 0 0 0
0 0 0 0 0 0
0 0 0 0 0 0
0 0 0 0 0 0
0 0 0 0 0 0
0 0 0 0 0 0
0 0 0 0 0 0
0 0 0 0 0 0
0 0 0 0 0 0
0 0 0 0 0 0
0 0 0 0 0 0
0 0 0 0 0 0
0 0 0 0 0 0
0 0 0 0 0 0
0 0 0 0 0 0
0 0 0 0 0 0
0 0 0 0 0 0
0 0 0 0 0 0
0 0 0 0 0 0
0 0 0 0 0 0
0 0 0 0 0 0
0 0 0 0 0 0
0 0 0 0 0 0
0 0 0 0 0 0
0 0 0 0 0 0
0 0 0 0 0 0
0 0 0 0 0 0
0 0 0 0 0 0
0 0 0 0 0 0
0 0 0 0 0 0
0 0 0 0 0 0
0 0 0 0 0 0
0 0 0 0 0 0
0 0 0 0 0 0
0 0 0 0 0 0
23 221947 16 3678 9649 229
0 0 0 0 0 0
0 0 0 0 0 0
0 0 0 0 0 0
0 0 0 0 0 0
0 0 0 0 0 0
0 0 0 0 0 0
1 230 1 86 230 86
0 0 0 0 0 0
0 0 0 0 0 0
0 0 0 0 0 0
0 0 0 0 0 0
0 0 0 0 0 0
0 0 0 0 0 0
9 1358 6 3154 150 525
0 0 0 0 0 0
0 0 0 0 0 0
0 0 0 0 0 0
0 0 0 0 0 0
0 0 0 0 0 0
0 0 0 0 0 0
0 0 0 0 0 0
0 0 0 0 0 0
0 0 0 0 0 0
0 0 0 0 0 0
0 0 0 0 0 0
0 0 0 0 0 0
0 0 0 0 0 0
0 0 0 0 0 0
0 0 0 0 0 0
0 0 0 0 0 0
0 0 0 0 0 0
0 0 0 0 0 0
0 0 0 0 0 0
0 0 0 0 0 0
0 0 0 0 0 0
0 0 0 0 0 0
0 0 0 0 0 0
0 0 0 0 0 0
0 0 0 0 0 0
5531 96887200 2669 141397 17517 52
2 104 3 387 52 129
0 0 0 0 0 0
0 0 0 0 0 0
0 0 0 0 0 0
0 0 0 0 0 0
0 0 0 0 0 0
0 0 0 0 0 0
0 0 0 0 0 0
0 0 0 0 0 0
0 0 0 0 0 0
0 0 0 0 0 0
0 0 0 0 0 0
8 12894 3 2255 1611 751
19 207370 16 1579 10914 98
0 0 0 0 0 0
0 0 0 0 0 0
0 0 0 0 0 0
0 0 0 0 0 0
0 0 0 0 0 0
0 0 0 0 0 0
0 0 0 0 0 0
0 0 0 0 0 0
0 0 0 0 0 0
0 0 0 0 0 0
0 0 0 0 0 0
0 0 0 0 0 0
0 0 0 0 0 0
0 0 0 0 0 0
0 0 0 0 0 0
0 0 0 0 0 0
19 176463 15 3621 9287 241
147 1233206 112 25719 8389 229
174 1395373 119 28908 8019 242
186 1390428 124 29176 7475 235
148 1215360 104 25295 8211 243
177 1391701 121 29020 7862 239
161 1231421 109 25555 7648 234
172 1408992 124 29176 8191 235
156 1235976 111 25667 7922 231
174 1410697 127 29324 8107 230
156 1232138 109 25555 7898 234
184 1406809 128 29384 7645 229
144 1219964 112 25711 8471 229
173 1393947 121 28984 8057 239
151 1217917 108 25539 8065 236
180 1390764 125 29228 7726 233
152 1217080 104 25295 8007 243
180 1394223 123 29124 7745 236
171 1440054 129 29441 8421 228
161 1392678 123 29124 8650 236
175 1393639 123 29088 7963 236
155 1219549 112 25747 7868 229
152 1220227 107 25451 8027 237
169 1395452 120 28968 8257 241
155 1221044 105 25347 7877 241
176 1395267 134 29696 7927 221
150 1220972 112 25711 8139 229
167 1395086 123 29124 8353 236
148 1217686 108 25503 8227 236
187 1394803 126 29280 7458 232
159 1221459 110 25607 7682 232
170 1396525 122 29072 8214 238
148 1222234 110 25607 8258 232
166 1397701 118 28864 8419 244
164 1223822 115 25867 7462 224
181 1393468 121 29020 7698 239
156 1218674 110 25607 7812 232
176 1393132 127 29332 7915 230
149 1224672 106 25399 8219 239
167 1401007 124 29176 8389 235
174 1401412 126 29244 8054 232
161 1223518 109 25591 7599 234
169 1395204 116 28724 8255 247
150 1221038 113 25799 8140 228
147 1221423 105 25347 8309 241
174 1396946 122 29072 8028 238
153 1226800 107 25451 8018 237
173 1396627 123 29124 8072 236
191 1395835 128 29348 7308 229
155 1220854 114 25851 7876 226
164 1340322 119 28684 8172 241
155 1272527 111 25891 8209 233
166 1325118 118 28632 7982 242
160 1290773 116 26151 8067 225
155 1220583 112 25711 7874 229
179 1392846 124 29176 7781 235
148 1229983 108 25503 8310 236
176 1409330 121 28984 8007 239
158 1234464 110 25643 7813 233
171 1410364 118 28864 8247 244
146 1237724 106 25399 8477 239
173 1285490 123 28892 7430 234
165 1397727 122 26463 8471 216
147 1249753 105 25347 8501 241
175 1425807 126 29244 8147 232
154 1245531 115 25903 8087 225
149 1242629 107 25459 8339 237
173 1422124 129 29428 8220 228
150 1258163 115 25867 8387 224
186 1435206 134 32538 7716 242
160 1255780 110 25607 7848 232
204 1652901 147 33218 8102 225
142 1241831 104 25295 8745 243
165 1400477 123 29088 8487 236
145 1222476 108 25539 8430 236
191 1402004 129 29400 7340 227
149 1229549 110 25643 8252 233
182 1405885 123 29124 7724 236
155 1230793 106 25399 7940 239
176 1403335 126 29280 7973 232
159 1227498 109 25555 7720 234
175 1402108 133 29644 8012 222
147 1222097 113 25763 8313 227
158 1226920 113 25763 7765 227
0 0 0 0 0 0
0 0 0 0 0 0
0 0 0 0 0 0
0 0 0 0 0 0
0 0 0 0 0 0
0 0 0 0 0 0
0 0 0 0 0 0
9 1372 6 3154 152 525
0 0 0 0 0 0
0 0 0 0 0 0
0 0 0 0 0 0
0 0 0 0 0 0
0 0 0 0 0 0
0 0 0 0 0 0
0 0 0 0 0 0
0 0 0 0 0 0
0 0 0 0 0 0
0 0 0 0 0 0
27 224332 20 3886 8308 194
0 0 0 0 0 0
0 0 0 0 0 0
0 0 0 0 0 0
0 0 0 0 0 0
0 0 0 0 0 0
0 0 0 0 0 0
0 0 0 0 0 0
0 0 0 0 0 0
0 0 0 0 0 0
950 40553640 422 24784 42688 58
0 0 0 0 0 0
0 0 0 0 0 0
0 0 0 0 0 0
0 0 0 0 0 0
0 0 0 0 0 0
0 0 0 0 0 0
0 0 0 0 0 0
0 0 0 0 0 0
0 0 0 0 0 0
0 0 0 0 0 0
0 0 0 0 0 0
0 0 0 0 0 0
0 0 0 0 0 0
0 0 0 0 0 0
0 0 0 0 0 0
0 0 0 0 0 0
0 0 0 0 0 0
0 0 0 0 0 0
0 0 0 0 0 0
0 0 0 0 0 0
0 0 0 0 0 0
0 0 0 0 0 0
0 0 0 0 0 0
26 225061 18 3782 8656 210
0 0 0 0 0 0
0 0 0 0 0 0
0 0 0 0 0 0
0 0 0 0 0 0
0 0 0 0 0 0
0 0 0 0 0 0
0 0 0 0 0 0
0 0 0 0 0 0
0 0 0 0 0 0
1 254 1 86 254 86
0 0 0 0 0 0
0 0 0 0 0 0
0 0 0 0 0 0
0 0 0 0 0 0
0 0 0 0 0 0
0 0 0 0 0 0
0 0 0 0 0 0
0 0 0 0 0 0
0 0 0 0 0 0
0 0 0 0 0 0
0 0 0 0 0 0
0 0 0 0 0 0
0 0 0 0 0 0
0 0 0 0 0 0
0 0 0 0 0 0
0 0 0 0 0 0
0 0 0 0 0 0
0 0 0 0 0 0
0 0 0 0 0 0
0 0 0 0 0 0
0 0 0 0 0 0
28 227489 20 3886 8124 194
0 0 0 0 0 0
0 0 0 0 0 0
0 0 0 0 0 0
0 0 0 0 0 0
0 0 0 0 0 0
0 0 0 0 0 0
0 0 0 0 0 0
0 0 0 0 0 0
0 0 0 0 0 0
0 0 0 0 0 0
0 0 0 0 0 0
0 0 0 0 0 0
0 0 0 0 0 0
0 0 0 0 0 0
0 0 0 0 0 0
0 0 0 0 0 0
0 0 0 0 0 0
0 0 0 0 0 0
0 0 0 0 0 0
0 0 0 0 0 0
0 0 0 0 0 0
0 0 0 0 0 0
0 0 0 0 0 0
0 0 0 0 0 0
0 0 0 0 0 0
0 0 0 0 0 0
0 0 0 0 0 0
0 0 0 0 0 0
0 0 0 0 0 0
0 0 0 0 0 0
0 0 0 0 0 0
0 0 0 0 0 0
0 0 0 0 0 0
26 226733 17 3730 8720 219
0 0 0 0 0 0
0 0 0 0 0 0
0 0 0 0 0 0
0 0 0 0 0 0
0 0 0 0 0 0
0 0 0 0 0 0
0 0 0 0 0 0
0 0 0 0 0 0
0 0 0 0 0 0
0 0 0 0 0 0
0 0 0 0 0 0
0 0 0 0 0 0
0 0 0 0 0 0
0 0 0 0 0 0
0 0 0 0 0 0
0 0 0 0 0 0
0 0 0 0 0 0
0 0 0 0 0 0
0 0 0 0 0 0
0 0 0 0 0 0
0 0 0 0 0 0
0 0 0 0 0 0
0 0 0 0 0 0
9 1430 6 3154 158 525
0 0 0 0 0 0
0 0 0 0 0 0
0 0 0 0 0 0
0 0 0 0 0 0
0 0 0 0 0 0
0 0 0 0 0 0
0 0 0 0 0 0
0 0 0 0 0 0
0 0 0 0 0 0
2 558 2 395 279 197
0 0 0 0 0 0
0 0 0 0 0 0
0 0 0 0 0 0
0 0 0 0 0 0
0 0 0 0 0 0
0 0 0 0 0 0
0 0 0 0 0 0
0 0 0 0 0 0
0 0 0 0 0 0
0 0 0 0 0 0
0 0 0 0 0 0
0 0 0 0 0 0
0 0 0 0 0 0
0 0 0 0 0 0
0 0 0 0 0 0
0 0 0 0 0 0
0 0 0 0 0 0
0 0 0 0 0 0
0 0 0 0 0 0
0 0 0 0 0 0
22 236935 16 3678 10769 229
0 0 0 0 0 0
0 0 0 0 0 0
0 0 0 0 0 0
0 0 0 0 0 0
0 0 0 0 0 0
0 0 0 0 0 0
0 0 0 0 0 0
0 0 0 0 0 0
0 0 0 0 0 0
0 0 0 0 0 0
0 0 0 0 0 0
0 0 0 0 0 0
0 0 0 0 0 0
0 0 0 0 0 0
0 0 0 0 0 0
0 0 0 0 0 0
0 0 0 0 0 0
0 0 0 0 0 0
0 0 0 0 0 0
0 0 0 0 0 0
0 0 0 0 0 0
0 0 0 0 0 0
0 0 0 0 0 0
0 0 0 0 0 0
0 0 0 0 0 0
2436 43177076 1016 55672 17724 54
0 0 0 0 0 0
0 0 0 0 0 0
0 0 0 0 0 0
0 0 0 0 0 0
0 0 0 0 0 0
0 0 0 0 0 0
0 0 0 0 0 0
0 0 0 0 0 0
0 0 0 0 0 0
0 0 0 0 0 0
0 0 0 0 0 0
0 0 0 0 0 0
0 0 0 0 0 0
0 0 0 0 0 0
0 0 0 0 0 0
25 229365 16 3678 9174 229
0 0 0 0 0 0
0 0 0 0 0 0
0 0 0 0 0 0
0 0 0 0 0 0
0 0 0 0 0 0
0 0 0 0 0 0
0 0 0 0 0 0
183 1528451 129 29436 8352 228
156 1383924 109 25555 8871 234
188 1576825 127 29332 8387 230
154 1376981 113 25763 8941 227
178 1506166 127 29100 8461 229
163 1422117 114 26047 8724 228
177 1514517 127 29296 8556 230
149 1316655 114 25851 8836 226
155 1325565 108 25503 8552 236
176 1508479 122 29072 8570 238
147 1174058 106 25407 7986 239
164 1323594 120 28960 8070 241
152 1188758 107 25459 7820 237
163 1364042 120 28960 8368 241
164 1256006 117 25979 7658 222
179 1491546 124 29168 8332 235
180 1564908 123 28892 8693 234
148 1340446 111 25891 9057 233
170 1532991 126 29280 9017 232
161 1361586 113 25763 8457 227
192 1625060 131 29540 8463 225
157 1440055 116 25919 9172 223
170 1422860 130 29488 8369 226
164 1343014 118 26023 8189 220
189 1590383 128 29384 8414 229
157 1373491 108 25503 8748 236
170 1525726 124 29176 8974 235
158 1331987 110 25607 8430 232
172 1527746 125 29228 8882 233
149 1338219 112 25711 8981 229
179 1531573 128 29384 8556 229
154 1341948 112 25719 8713 229
173 1534350 124 29168 8869 235
148 1331924 110 27706 8999 251
175 1523149 121 26921 8703 222
157 1335138 107 25459 8504 237
170 1524374 128 29376 8966 229
154 1338733 106 25399 8693 239
183 1518753 123 29124 8299 236
151 1325722 104 25307 8779 243
178 1510669 129 29436 8486 228
152 1326502 111 25659 8726 231
158 1325806 111 25659 8391 231
177 1513550 120 28968 8551 241
154 1321891 108 25503 8583 236
214 1854687 145 33114 8666 228
154 1326479 116 25919 8613 223
179 1519872 128 29384 8490 229
157 1328003 108 25503 8458 236
171 1503970 123 29124 8795 236
157 1328141 108 25503 8459 236
184 1522600 126 29280 8275 232
158 1332228 112 25711 8431 229
174 1509496 120 28968 8675 241
161 1341149 111 25659 8330 231
177 1514274 126 29244 8555 232
156 1317138 109 25591 8443 234
150 1319874 111 25659 8799 231
175 1501754 121 28984 8581 239
156 1323821 109 25591 8486 234
170 1519452 124 29176 8937 235
155 1317084 107 25451 8497 237
159 1325315 112 25719 8335 229
177 1506955 124 29168 8513 235
169 1409354 112 28320 8339 252
176 1438899 115 26099 8175 226
162 1333112 112 27810 8229 248
179 1532739 119 26817 8562 225
155 1331460 113 25763 8590 227
167 1522250 126 29280 9115 232
155 1329921 106 25399 8580 239
177 1516185 127 29332 8566 230
161 1331692 106 25399 8271 239
153 1333283 105 25347 8714 241
151 1327221 108 25503 8789 236
157 1333345 111 25659 8492 231
177 1529142 123 29088 8639 236
158 1330750 109 25591 8422 234
161 1327657 113 27862 8246 246
172 1520013 121 26921 8837 222
157 1337049 108 25511 8516 236
177 1524485 124 29168 8612 235
144 1320485 111 25659 9170 231
181 1507407 126 29322 8328 232
172 1367373 109 28164 7949 258
166 1470275 116 26151 8857 225
178 1514129 124 29176 8506 235
180 1665631 133 29649 9253 222
2 166 2 150 83 75
0 0 0 0 0 0
0 0 0 0 0 0
0 0 0 0 0 0
9 1407 6 3154 156 525
0 0 0 0 0 0
0 0 0 0 0 0
0 0 0 0 0 0
0 0 0 0 0 0
0 0 0 0 0 0
0 0 0 0 0 0
0 0 0 0 0 0
0 0 0 0 0 0
0 0 0 0 0 0
0 0 0 0 0 0
0 0 0 0 0 0
0 0 0 0 0 0
0 0 0 0 0 0
0 0 0 0 0 0
0 0 0 0 0 0
0 0 0 0 0 0
0 0 0 0 0 0
0 0 0 0 0 0
9 1453 6 3154 161 525
0 0 0 0 0 0
0 0 0 0 0 0
0 0 0 0 0 0
0 0 0 0 0 0
0 0 0 0 0 0
0 0 0 0 0 0
0 0 0 0 0 0
0 0 0 0 0 0
0 0 0 0 0 0
0 0 0 0 0 0
0 0 0 0 0 0
0 0 0 0 0 0
0 0 0 0 0 0
0 0 0 0 0 0
0 0 0 0 0 0
0 0 0 0 0 0
0 0 0 0 0 0
0 0 0 0 0 0
0 0 0 0 0 0
0 0 0 0 0 0
0 0 0 0 0 0
0 0 0 0 0 0
0 0 0 0 0 0
0 0 0 0 0 0
0 0 0 0 0 0
0 0 0 0 0 0
0 0 0 0 0 0
1 254 1 86 254 86
0 0 0 0 0 0
30 338247 23 4042 11274 175
0 0 0 0 0 0
0 0 0 0 0 0
0 0 0 0 0 0
0 0 0 0 0 0
0 0 0 0 0 0
2 267 2 170 133 85
0 0 0 0 0 0
0 0 0 0 0 0
0 0 0 0 0 0
0 0 0 0 0 0
0 0 0 0 0 0
0 0 0 0 0 0
0 0 0 0 0 0
0 0 0 0 0 0
0 0 0 0 0 0
0 0 0 0 0 0
0 0 0 0 0 0
0 0 0 0 0 0
0 0 0 0 0 0
0 0 0 0 0 0
0 0 0 0 0 0
0 0 0 0 0 0
0 0 0 0 0 0
0 0 0 0 0 0
0 0 0 0 0 0
0 0 0 0 0 0
0 0 0 0 0 0
0 0 0 0 0 0
0 0 0 0 0 0
0 0 0 0 0 0
0 0 0 0 0 0
0 0 0 0 0 0
0 0 0 0 0 0
0 0 0 0 0 0
0 0 0 0 0 0
0 0 0 0 0 0
26 347542 20 3886 13367 194
0 0 0 0 0 0
0 0 0 0 0 0
0 0 0 0 0 0
0 0 0 0 0 0
0 0 0 0 0 0
0 0 0 0 0 0
0 0 0 0 0 0
0 0 0 0 0 0
0 0 0 0 0 0
0 0 0 0 0 0
0 0 0 0 0 0
0 0 0 0 0 0
0 0 0 0 0 0
0 0 0 0 0 0
0 0 0 0 0 0
0 0 0 0 0 0
0 0 0 0 0 0
34 339003 27 4250 9970 157
0 0 0 0 0 0
0 0 0 0 0 0
0 0 0 0 0 0
0 0 0 0 0 0
0 0 0 0 0 0
0 0 0 0 0 0
0 0 0 0 0 0
0 0 0 0 0 0
400 19971556 147 10253 49928 69
2 104 5 491 52 98
0 0 0 0 0 0
9 1397 6 3154 155 525
0 0 0 0 0 0
0 0 0 0 0 0
0 0 0 0 0 0
0 0 0 0 0 0
0 0 0 0 0 0
0 0 0 0 0 0
0 0 0 0 0 0
0 0 0 0 0 0
32 340110 19 3834 10628 201
0 0 0 0 0 0
146 1316338 115 25867 9016 224
168 1322719 114 25815 7873 226
179 1504407 128 29384 8404 229
156 1322624 107 25451 8478 237
178 1514238 125 29228 8506 233
155 1325421 113 25763 8551 227
179 1514783 126 29280 8462 232
153 1324400 109 25555 8656 234
161 1425592 119 28684 8854 241
163 1414594 120 26359 8678 219
156 1329996 112 25745 8525 229
179 1520343 125 29228 8493 233
157 1328178 112 25711 8459 229
176 1520332 127 29332 8638 230
158 1326452 115 28721 8395 249
171 1517371 125 29228 8873 233
157 1330367 111 25667 8473 231
180 1520013 123 29116 8444 236
202 1755776 141 32674 8691 231
167 1435398 124 26567 8595 214
170 1513562 128 29384 8903 229
23 189137 15 3621 8223 241
0 0 0 0 0 0
0 0 0 0 0 0
0 0 0 0 0 0
0 0 0 0 0 0
0 0 0 0 0 0
0 0 0 0 0 0
0 0 0 0 0 0
0 0 0 0 0 0
0 0 0 0 0 0
0 0 0 0 0 0
0 0 0 0 0 0
0 0 0 0 0 0
0 0 0 0 0 0
0 0 0 0 0 0
0 0 0 0 0 0
0 0 0 0 0 0
0 0 0 0 0 0
0 0 0 0 0 0
0 0 0 0 0 0
0 0 0 0 0 0
0 0 0 0 0 0
0 0 0 0 0 0
0 0 0 0 0 0
0 0 0 0 0 0
0 0 0 0 0 0
0 0 0 0 0 0
0 0 0 0 0 0
0 0 0 0 0 0
0 0 0 0 0 0
0 0 0 0 0 0
0 0 0 0 0 0
0 0 0 0 0 0
0 0 0 0 0 0
0 0 0 0 0 0
29 348480 20 3886 12016 194
0 0 0 0 0 0
0 0 0 0 0 0
0 0 0 0 0 0
0 0 0 0 0 0
0 0 0 0 0 0
0 0 0 0 0 0
0 0 0 0 0 0
0 0 0 0 0 0
0 0 0 0 0 0
0 0 0 0 0 0
0 0 0 0 0 0
0 0 0 0 0 0
0 0 0 0 0 0
0 0 0 0 0 0
0 0 0 0 0 0
0 0 0 0 0 0
0 0 0 0 0 0
0 0 0 0 0 0
0 0 0 0 0 0
0 0 0 0 0 0
0 0 0 0 0 0
0 0 0 0 0 0
0 0 0 0 0 0
0 0 0 0 0 0
0 0 0 0 0 0
0 0 0 0 0 0
0 0 0 0 0 0
0 0 0 0 0 0
0 0 0 0 0 0
0 0 0 0 0 0
0 0 0 0 0 0
0 0 0 0 0 0
0 0 0 0 0 0
29 340319 22 3990 11735 181
0 0 0 0 0 0
0 0 0 0 0 0
0 0 0 0 0 0
0 0 0 0 0 0
0 0 0 0 0 0
0 0 0 0 0 0
0 0 0 0 0 0
0 0 0 0 0 0
0 0 0 0 0 0
0 0 0 0 0 0
0 0 0 0 0 0
0 0 0 0 0 0
0 0 0 0 0 0
0 0 0 0 0 0
0 0 0 0 0 0
0 0 0 0 0 0
0 0 0 0 0 0
0 0 0 0 0 0
0 0 0 0 0 0
0 0 0 0 0 0
0 0 0 0 0 0
0 0 0 0 0 0
0 0 0 0 0 0
0 0 0 0 0 0
0 0 0 0 0 0
0 0 0 0 0 0
0 0 0 0 0 0
0 0 0 0 0 0
0 0 0 0 0 0
0 0 0 0 0 0
0 0 0 0 0 0
0 0 0 0 0 0
0 0 0 0 0 0
0 0 0 0 0 0
30 342002 21 3938 11400 187
0 0 0 0 0 0
0 0 0 0 0 0
0 0 0 0 0 0
0 0 0 0 0 0
0 0 0 0 0 0
0 0 0 0 0 0
0 0 0 0 0 0
0 0 0 0 0 0
0 0 0 0 0 0
0 0 0 0 0 0
0 0 0 0 0 0
0 0 0 0 0 0
0 0 0 0 0 0
0 0 0 0 0 0
0 0 0 0 0 0
0 0 0 0 0 0
0 0 0 0 0 0
0 0 0 0 0 0
0 0 0 0 0 0
0 0 0 0 0 0
0 0 0 0 0 0
0 0 0 0 0 0
0 0 0 0 0 0
0 0 0 0 0 0
0 0 0 0 0 0
34 344203 26 4198 10123 161
0 0 0 0 0 0
0 0 0 0 0 0
0 0 0 0 0 0
0 0 0 0 0 0
0 0 0 0 0 0
0 0 0 0 0 0
0 0 0 0 0 0
0 0 0 0 0 0
0 0 0 0 0 0
0 0 0 0 0 0
0 0 0 0 0 0
0 0 0 0 0 0
0 0 0 0 0 0
0 0 0 0 0 0
0 0 0 0 0 0
0 0 0 0 0 0
0 0 0 0 0 0
0 0 0 0 0 0
0 0 0 0 0 0
0 0 0 0 0 0
0 0 0 0 0 0
0 0 0 0 0 0
0 0 0 0 0 0
0 0 0 0 0 0
0 0 0 0 0 0
0 0 0 0 0 0
0 0 0 0 0 0
0 0 0 0 0 0
138 1140762 92 21830 8266 237
158 1329445 106 25399 8414 239
167 1415741 118 28632 8477 242
162 1440904 125 26619 8894 212
150 1336825 109 25555 8912 234
175 1521899 126 29280 8696 232
189 1684088 130 29493 8910 226
177 1538974 125 29228 8694 233
155 1345976 108 25503 8683 236
169 1431564 116 28528 8470 245
166 1451324 117 26203 8742 223
1665 69866587 818 67641 41961 82
154 1337310 115 26330 8683 228
160 1355487 117 25971 8471 221
155 1353420 109 25555 8731 234
152 1351508 106 25399 8891 239
157 1352418 107 25451 8614 237
150 1352603 108 25503 9017 236
155 1351647 104 25295 8720 243
160 1352795 110 25607 8454 232
158 1351229 112 25711 8552 229
185 1551303 125 29228 8385 233
156 1354174 113 25763 8680 227
153 1347637 107 25451 8808 237
148 1348089 114 25815 9108 226
156 1347663 110 25607 8638 232
161 1347185 107 25451 8367 237
158 1347060 102 25191 8525 246
157 1348109 112 25711 8586 229
153 1346251 110 25607 8799 232
172 1539958 125 29228 8953 233
158 1347344 113 25763 8527 227
160 1348619 113 25763 8428 227
148 1348306 116 25919 9110 223
165 1348185 109 25555 8170 234
156 1345314 112 25711 8623 229
158 1343608 112 25719 8503 229
156 1347866 107 25451 8640 237
173 1528218 124 29168 8833 235
154 1332180 111 25659 8650 231
169 1336387 112 28587 7907 255
159 1328256 106 25399 8353 239
146 1325617 106 25399 9079 239
170 1518038 127 29100 8929 229
160 1329144 113 25995 8307 230
185 1673733 131 29545 9047 225
174 1520066 124 29176 8736 235
159 1326524 105 25347 8342 241
145 1317677 111 25659 9087 231
66 566607 48 11019 8584 229
0 0 0 0 0 0
0 0 0 0 0 0
0 0 0 0 0 0
0 0 0 0 0 0
0 0 0 0 0 0
0 0 0 0 0 0
0 0 0 0 0 0
0 0 0 0 0 0
0 0 0 0 0 0
0 0 0 0 0 0
0 0 0 0 0 0
0 0 0 0 0 0
0 0 0 0 0 0
0 0 0 0 0 0
0 0 0 0 0 0
0 0 0 0 0 0
0 0 0 0 0 0
0 0 0 0 0 0
0 0 0 0 0 0
0 0 0 0 0 0
9 1497 7 3206 166 458
0 0 0 0 0 0
0 0 0 0 0 0
0 0 0 0 0 0
0 0 0 0 0 0
0 0 0 0 0 0
0 0 0 0 0 0
0 0 0 0 0 0
0 0 0 0 0 0
0 0 0 0 0 0
0 0 0 0 0 0
0 0 0 0 0 0
0 0 0 0 0 0
0 0 0 0 0 0
0 0 0 0 0 0
0 0 0 0 0 0
0 0 0 0 0 0
0 0 0 0 0 0
0 0 0 0 0 0
0 0 0 0 0 0
0 0 0 0 0 0
0 0 0 0 0 0
0 0 0 0 0 0
0 0 0 0 0 0
0 0 0 0 0 0
0 0 0 0 0 0
31 348803 26 4198 11251 161
0 0 0 0 0 0
0 0 0 0 0 0
0 0 0 0 0 0
0 0 0 0 0 0
0 0 0 0 0 0
0 0 0 0 0 0
0 0 0 0 0 0
0 0 0 0 0 0
0 0 0 0 0 0
0 0 0 0 0 0
0 0 0 0 0 0
0 0 0 0 0 0
0 0 0 0 0 0
0 0 0 0 0 0
33 350090 20 3886 10608 194
0 0 0 0 0 0
0 0 0 0 0 0
0 0 0 0 0 0
0 0 0 0 0 0
0 0 0 0 0 0
0 0 0 0 0 0
0 0 0 0 0 0
0 0 0 0 0 0
0 0 0 0 0 0
0 0 0 0 0 0
0 0 0 0 0 0
0 0 0 0 0 0
0 0 0 0 0 0
0 0 0 0 0 0
0 0 0 0 0 0
0 0 0 0 0 0
0 0 0 0 0 0
0 0 0 0 0 0
1 230 1 86 230 86
34 351444 28 4302 10336 153
0 0 0 0 0 0
0 0 0 0 0 0
0 0 0 0 0 0
0 0 0 0 0 0
0 0 0 0 0 0
0 0 0 0 0 0
0 0 0 0 0 0
0 0 0 0 0 0
0 0 0 0 0 0
0 0 0 0 0 0
0 0 0 0 0 0
0 0 0 0 0 0
0 0 0 0 0 0
0 0 0 0 0 0
0 0 0 0 0 0
0 0 0 0 0 0
0 0 0 0 0 0
0 0 0 0 0 0
0 0 0 0 0 0
0 0 0 0 0 0
0 0 0 0 0 0
0 0 0 0 0 0
0 0 0 0 0 0
0 0 0 0 0 0
0 0 0 0 0 0
0 0 0 0 0 0
0 0 0 0 0 0
0 0 0 0 0 0
33 341874 25 4146 10359 165
0 0 0 0 0 0
0 0 0 0 0 0
0 0 0 0 0 0
0 0 0 0 0 0
0 0 0 0 0 0
0 0 0 0 0 0
0 0 0 0 0 0
0 0 0 0 0 0
0 0 0 0 0 0
0 0 0 0 0 0
0 0 0 0 0 0
0 0 0 0 0 0
0 0 0 0 0 0
0 0 0 0 0 0
0 0 0 0 0 0
0 0 0 0 0 0
0 0 0 0 0 0
0 0 0 0 0 0
0 0 0 0 0 0
0 0 0 0 0 0
0 0 0 0 0 0
0 0 0 0 0 0
0 0 0 0 0 0
0 0 0 0 0 0
0 0 0 0 0 0
0 0 0 0 0 0
2159 41062704 999 54788 19019 54
0 0 0 0 0 0
0 0 0 0 0 0
9 1393 6 3154 154 525
0 0 0 0 0 0
0 0 0 0 0 0
0 0 0 0 0 0
0 0 0 0 0 0
0 0 0 0 0 0
0 0 0 0 0 0
0 0 0 0 0 0
0 0 0 0 0 0
0 0 0 0 0 0
0 0 0 0 0 0
0 0 0 0 0 0
0 0 0 0 0 0
0 0 0 0 0 0
0 0 0 0 0 0
0 0 0 0 0 0
0 0 0 0 0 0
0 0 0 0 0 0
0 0 0 0 0 0
0 0 0 0 0 0
0 0 0 0 0 0
40 346554 30 7248 8663 241
0 0 0 0 0 0
0 0 0 0 0 0
0 0 0 0 0 0
0 0 0 0 0 0
0 0 0 0 0 0
0 0 0 0 0 0
0 0 0 0 0 0
0 0 0 0 0 0
0 0 0 0 0 0
0 0 0 0 0 0
0 0 0 0 0 0
0 0 0 0 0 0
0 0 0 0 0 0
0 0 0 0 0 0
0 0 0 0 0 0
0 0 0 0 0 0
0 0 0 0 0 0
0 0 0 0 0 0
0 0 0 0 0 0
0 0 0 0 0 0
0 0 0 0 0 0
0 0 0 0 0 0
0 0 0 0 0 0
0 0 0 0 0 0
0 0 0 0 0 0
0 0 0 0 0 0
0 0 0 0 0 0
0 0 0 0 0 0
0 0 0 0 0 0
0 0 0 0 0 0
33 344553 23 4042 10441 175
0 0 0 0 0 0
0 0 0 0 0 0
0 0 0 0 0 0
0 0 0 0 0 0
0 0 0 0 0 0
0 0 0 0 0 0
0 0 0 0 0 0
0 0 0 0 0 0
0 0 0 0 0 0
0 0 0 0 0 0
0 0 0 0 0 0
0 0 0 0 0 0
0 0 0 0 0 0
0 0 0 0 0 0
0 0 0 0 0 0
0 0 0 0 0 0
0 0 0 0 0 0
0 0 0 0 0 0
0 0 0 0 0 0
0 0 0 0 0 0
0 0 0 0 0 0
0 0 0 0 0 0
0 0 0 0 0 0
0 0 0 0 0 0
0 0 0 0 0 0
0 0 0 0 0 0
0 0 0 0 0 0
0 0 0 0 0 0
0 0 0 0 0 0
0 0 0 0 0 0
0 0 0 0 0 0
0 0 0 0 0 0
0 0 0 0 0 0
0 0 0 0 0 0
0 0 0 0 0 0
0 0 0 0 0 0
0 0 0 0 0 0
0 0 0 0 0 0
9 1438 6 3154 159 525
0 0 0 0 0 0
32 350040 25 4146 10938 165
0 0 0 0 0 0
0 0 0 0 0 0
0 0 0 0 0 0
0 0 0 0 0 0
0 0 0 0 0 0
0 0 0 0 0 0
0 0 0 0 0 0
0 0 0 0 0 0
0 0 0 0 0 0
0 0 0 0 0 0
0 0 0 0 0 0
0 0 0 0 0 0
0 0 0 0 0 0
0 0 0 0 0 0
0 0 0 0 0 0
113 948012 78 18261 8389 234
158 1313643 112 25711 8314 229
179 1510609 119 28880 8439 242
158 1324062 109 25591 8380 234
154 1311691 106 25399 8517 239
178 1512757 121 29020 8498 239
161 1327918 109 25555 8247 234
1195 45491035 626 55048 38067 87
284 5780074 182 32423 20352 178
161 1358038 109 25555 8435 234
175 1527864 116 28724 8730 247
160 1347883 111 25695 8424 231
147 1346298 107 25451 9158 237
178 1533869 123 29088 8617 236
155 1345435 109 25591 8680 234
197 1853085 148 30429 9406 205
151 1347567 107 25451 8924 237
157 1356483 111 27758 8640 250
180 1548888 122 26973 8604 221
152 1349302 112 25711 8876 229
165 1344930 112 25719 8151 229
180 1537006 117 28804 8538 246
155 1334465 108 25503 8609 236
155 1323323 112 25711 8537 229
150 1323512 113 25763 8823 227
153 1325140 107 25451 8661 237
155 1342764 111 25659 8662 231
152 1343438 107 25451 8838 237
157 1344490 107 25451 8563 237
174 1534085 129 29436 8816 228
160 1342908 116 25919 8393 223
162 1346376 106 25407 8310 239
188 1555028 129 31527 8271 244
197 1875438 143 28078 9519 196
156 1374630 105 25339 8811 241
185 1570140 125 29228 8487 233
152 1371719 113 25763 9024 227
161 1378141 113 25763 8559 227
161 1389348 115 25867 8629 224
171 1485554 120 28736 8687 239
170 1487346 124 26567 8749 214
158 1389498 111 25693 8794 231
167 1434526 116 28528 8589 245
171 1543389 123 26515 9025 215
147 1204339 104 25295 8192 243
149 1209921 105 25347 8120 241
171 1368253 119 28916 8001 242
143 1178949 103 25243 8244 245
152 1175489 103 25243 7733 245
162 1358050 108 25503 8383 236
195 1866055 150 30533 9569 203
185 1561776 122 29072 8442 238
161 1390566 107 25415 8637 237
163 1364321 110 25643 8370 233
157 1395694 115 25867 8889 224
190 1591028 129 29436 8373 228
160 1413583 113 25763 8834 227
160 1366208 110 25607 8538 232
154 1371171 107 25451 8903 237
192 1559923 126 29280 8124 232
153 1349403 113 25763 8819 227
156 1333305 107 25451 8546 237
176 1538538 122 29036 8741 238
159 1357448 112 25747 8537 229
155 1327579 110 25607 8565 232
176 1523575 120 28932 8656 241
163 1341527 109 25591 8230 234
162 1349154 111 25659 8328 231
168 1434687 114 28424 8539 249
161 1453362 116 26151 9027 225
154 1337557 111 25659 8685 231
170 1524992 117 28812 8970 246
160 1342569 108 25503 8391 236
161 1358240 109 25555 8436 234
180 1574664 126 29280 8748 232
158 1365342 113 25827 8641 228
175 1555870 124 29176 8890 235
144 1355141 106 25399 9410 239
77 581313 52 14069 7549 270
53 708257 45 5186 13363 115
0 0 0 0 0 0
0 0 0 0 0 0
0 0 0 0 0 0
0 0 0 0 0 0
0 0 0 0 0 0
0 0 0 0 0 0
0 0 0 0 0 0
0 0 0 0 0 0
0 0 0 0 0 0
0 0 0 0 0 0
0 0 0 0 0 0
0 0 0 0 0 0
0 0 0 0 0 0
0 0 0 0 0 0
0 0 0 0 0 0
0 0 0 0 0 0
0 0 0 0 0 0
0 0 0 0 0 0
1643 29486048 774 43088 17946 55
0 0 0 0 0 0
0 0 0 0 0 0
0 0 0 0 0 0
0 0 0 0 0 0
0 0 0 0 0 0
0 0 0 0 0 0
0 0 0 0 0 0
0 0 0 0 0 0
0 0 0 0 0 0
0 0 0 0 0 0
0 0 0 0 0 0
0 0 0 0 0 0
0 0 0 0 0 0
0 0 0 0 0 0
0 0 0 0 0 0
0 0 0 0 0 0
0 0 0 0 0 0
0 0 0 0 0 0
0 0 0 0 0 0
0 0 0 0 0 0
0 0 0 0 0 0
0 0 0 0 0 0
0 0 0 0 0 0
0 0 0 0 0 0
0 0 0 0 0 0
0 0 0 0 0 0
0 0 0 0 0 0
0 0 0 0 0 0
0 0 0 0 0 0
0 0 0 0 0 0
0 0 0 0 0 0
0 0 0 0 0 0
39 530571 28 4336 13604 154
0 0 0 0 0 0
0 0 0 0 0 0
9 1411 7 3206 156 458
0 0 0 0 0 0
0 0 0 0 0 0
0 0 0 0 0 0
0 0 0 0 0 0
0 0 0 0 0 0
0 0 0 0 0 0
0 0 0 0 0 0
0 0 0 0 0 0
0 0 0 0 0 0
0 0 0 0 0 0
0 0 0 0 0 0
0 0 0 0 0 0
0 0 0 0 0 0
0 0 0 0 0 0
0 0 0 0 0 0
0 0 0 0 0 0
9 1654 7 3206 183 458
0 0 0 0 0 0
0 0 0 0 0 0
0 0 0 0 0 0
0 0 0 0 0 0
0 0 0 0 0 0
0 0 0 0 0 0
0 0 0 0 0 0
0 0 0 0 0 0
0 0 0 0 0 0
0 0 0 0 0 0
0 0 0 0 0 0
0 0 0 0 0 0
9 1712 6 3154 190 525
0 0 0 0 0 0
0 0 0 0 0 0
0 0 0 0 0 0
0 0 0 0 0 0
0 0 0 0 0 0
0 0 0 0 0 0
0 0 0 0 0 0
0 0 0 0 0 0
0 0 0 0 0 0
0 0 0 0 0 0
0 0 0 0 0 0
43 506325 28 4302 11775 153
0 0 0 0 0 0
0 0 0 0 0 0
0 0 0 0 0 0
0 0 0 0 0 0
0 0 0 0 0 0
0 0 0 0 0 0
0 0 0 0 0 0
9 1743 7 3206 193 458
0 0 0 0 0 0
0 0 0 0 0 0
0 0 0 0 0 0
0 0 0 0 0 0
0 0 0 0 0 0
0 0 0 0 0 0
28 242899 18 3782 8674 210
0 0 0 0 0 0
0 0 0 0 0 0
0 0 0 0 0 0
0 0 0 0 0 0
0 0 0 0 0 0
0 0 0 0 0 0
0 0 0 0 0 0
0 0 0 0 0 0
0 0 0 0 0 0
0 0 0 0 0 0
0 0 0 0 0 0
0 0 0 0 0 0
0 0 0 0 0 0
0 0 0 0 0 0
0 0 0 0 0 0
0 0 0 0 0 0
0 0 0 0 0 0
0 0 0 0 0 0
0 0 0 0 0 0
0 0 0 0 0 0
0 0 0 0 0 0
9 1360 6 3154 151 525
0 0 0 0 0 0
0 0 0 0 0 0
0 0 0 0 0 0
0 0 0 0 0 0
0 0 0 0 0 0
0 0 0 0 0 0
0 0 0 0 0 0
0 0 0 0 0 0
0 0 0 0 0 0
0 0 0 0 0 0
0 0 0 0 0 0
0 0 0 0 0 0
0 0 0 0 0 0
0 0 0 0 0 0
0 0 0 0 0 0
0 0 0 0 0 0
0 0 0 0 0 0
0 0 0 0 0 0
0 0 0 0 0 0
0 0 0 0 0 0
0 0 0 0 0 0
0 0 0 0 0 0
0 0 0 0 0 0
0 0 0 0 0 0
0 0 0 0 0 0
0 0 0 0 0 0
0 0 0 0 0 0
20 152977 17 3730 7648 219
0 0 0 0 0 0
0 0 0 0 0 0
0 0 0 0 0 0
0 0 0 0 0 0
0 0 0 0 0 0
0 0 0 0 0 0
0 0 0 0 0 0
0 0 0 0 0 0
0 0 0 0 0 0
0 0 0 0 0 0
0 0 0 0 0 0
0 0 0 0 0 0
0 0 0 0 0 0
0 0 0 0 0 0
0 0 0 0 0 0
0 0 0 0 0 0
0 0 0 0 0 0
0 0 0 0 0 0
0 0 0 0 0 0
0 0 0 0 0 0
0 0 0 0 0 0
0 0 0 0 0 0
0 0 0 0 0 0
0 0 0 0 0 0
0 0 0 0 0 0
0 0 0 0 0 0
0 0 0 0 0 0
0 0 0 0 0 0
0 0 0 0 0 0
19 153094 14 3574 8057 255
0 0 0 0 0 0
0 0 0 0 0 0
0 0 0 0 0 0
0 0 0 0 0 0
0 0 0 0 0 0
0 0 0 0 0 0
0 0 0 0 0 0
0 0 0 0 0 0
0 0 0 0 0 0
0 0 0 0 0 0
0 0 0 0 0 0
0 0 0 0 0 0
0 0 0 0 0 0
0 0 0 0 0 0
0 0 0 0 0 0
0 0 0 0 0 0
0 0 0 0 0 0
0 0 0 0 0 0
0 0 0 0 0 0
0 0 0 0 0 0
0 0 0 0 0 0
0 0 0 0 0 0
0 0 0 0 0 0
0 0 0 0 0 0
0 0 0 0 0 0
0 0 0 0 0 0
0 0 0 0 0 0
0 0 0 0 0 0
0 0 0 0 0 0
0 0 0 0 0 0
0 0 0 0 0 0
0 0 0 0 0 0
0 0 0 0 0 0
0 0 0 0 0 0
4852 88452020 2105 112300 18230 53
0 0 0 0 0 0
0 0 0 0 0 0
0 0 0 0 0 0
115 925730 78 18261 8049 234
175 1449880 121 29025 8285 239
154 1297477 107 25451 8425 237
157 1297196 111 25659 8262 231
154 1296602 105 25347 8419 241
154 1296889 109 25555 8421 234
156 1297440 107 25451 8316 237
165 1389482 109 28164 8421 258
165 1392476 120 26323 8439 219
164 1298611 110 25643 7918 233
158 1297396 104 25295 8211 243
136 1110367 96 22046 8164 229
175 1479790 119 28908 8455 242
152 1295194 108 25503 8521 236
150 1294161 112 25711 8627 229
160 1296266 106 25399 8101 239
160 1295845 104 25295 8099 243
162 1295413 113 25763 7996 227
153 1295521 106 25399 8467 239
152 1296888 109 25555 8532 234
157 1296835 105 25347 8260 241
152 1296127 104 25295 8527 243
184 1481213 128 29384 8050 229
157 1297179 108 25503 8262 236
150 1298056 107 25451 8653 237
156 1297384 106 25399 8316 239
153 1296952 110 25607 8476 232
173 1482337 123 29124 8568 236
159 1298769 108 25503 8168 236
156 1298130 103 25243 8321 245
162 1298537 112 25711 8015 229
154 1297987 108 25537 8428 236
160 1299861 104 25295 8124 243
160 1299970 108 25503 8124 236
156 1299807 112 25711 8332 229
160 1300962 107 25459 8131 237
174 1485072 119 28908 8534 242
153 1310794 105 25347 8567 241
161 1330414 109 25555 8263 234
154 1239378 107 25517 8047 238
1654 76910607 640 56007 46499 87
159 1339383 106 25399 8423 239
152 1341487 111 25659 8825 231
159 1361502 109 25555 8562 234
154 1327310 107 25468 8618 238
175 1570386 121 29020 8973 239
163 1366024 110 25607 8380 232
153 1359601 116 25919 8886 223
157 1361854 112 25711 8674 229
158 1362635 108 25503 8624 236
162 1353448 110 25607 8354 232
173 1548036 124 29140 8948 235
154 1356523 110 25643 8808 233
155 1356678 107 25451 8752 237
178 1549385 122 29036 8704 238
164 1356578 113 25799 8271 228
163 1356339 108 25503 8321 236
175 1549934 124 29140 8856 235
161 1356528 108 25539 8425 236
154 1351449 117 25971 8775 221
162 1351337 110 25607 8341 232
162 1343782 112 27810 8294 248
181 1532228 122 26973 8465 221
158 1346291 114 25815 8520 226
153 1345107 109 25555 8791 234
162 1341633 110 25615 8281 232
146 1340906 108 25503 9184 236
179 1539839 123 29116 8602 236
152 1347773 109 25555 8866 234
152 1346368 110 25607 8857 232
159 1348878 112 25711 8483 229
185 1541863 132 32434 8334 245
153 1347204 112 25711 8805 229
154 1348461 104 25295 8756 243
176 1541800 119 28916 8760 242
155 1349488 116 25919 8706 223
155 1355606 113 25763 8745 227
148 1359974 106 25399 9189 239
161 1380428 113 25771 8574 228
163 1388924 114 25815 8521 226
186 1589771 124 29168 8547 235
162 1409520 111 25659 8700 231
165 1393266 110 25607 8444 232
162 1379601 117 25979 8516 222
174 1566773 125 29220 9004 233
97 863089 65 14749 8897 226
0 0 0 0 0 0
0 0 0 0 0 0
0 0 0 0 0 0
5243 101072161 2542 134793 19277 53
2 104 3 387 52 129
0 0 0 0 0 0
9 1508 7 3206 167 458
0 0 0 0 0 0
0 0 0 0 0 0
0 0 0 0 0 0
0 0 0 0 0 0
0 0 0 0 0 0
0 0 0 0 0 0
0 0 0 0 0 0
0 0 0 0 0 0
0 0 0 0 0 0
0 0 0 0 0 0
0 0 0 0 0 0
0 0 0 0 0 0
0 0 0 0 0 0
0 0 0 0 0 0
0 0 0 0 0 0
0 0 0 0 0 0
0 0 0 0 0 0
0 0 0 0 0 0
0 0 0 0 0 0
0 0 0 0 0 0
0 0 0 0 0 0
0 0 0 0 0 0
0 0 0 0 0 0
0 0 0 0 0 0
0 0 0 0 0 0
0 0 0 0 0 0
0 0 0 0 0 0
0 0 0 0 0 0
1 230 1 86 230 86
0 0 0 0 0 0
0 0 0 0 0 0
0 0 0 0 0 0
0 0 0 0 0 0
0 0 0 0 0 0
0 0 0 0 0 0
0 0 0 0 0 0
0 0 0 0 0 0
0 0 0 0 0 0
0 0 0 0 0 0
0 0 0 0 0 0
30 314560 21 3938 10485 187
0 0 0 0 0 0
0 0 0 0 0 0
0 0 0 0 0 0
0 0 0 0 0 0
0 0 0 0 0 0
3 681 2 112 227 56
6 693 4 3042 115 760
0 0 0 0 0 0
0 0 0 0 0 0
0 0 0 0 0 0
950 43732008 395 23380 46033 59
0 0 0 0 0 0
0 0 0 0 0 0
0 0 0 0 0 0
0 0 0 0 0 0
0 0 0 0 0 0
0 0 0 0 0 0
0 0 0 0 0 0
0 0 0 0 0 0
0 0 0 0 0 0
0 0 0 0 0 0
0 0 0 0 0 0
0 0 0 0 0 0
22 170300 16 3678 7740 229
0 0 0 0 0 0
0 0 0 0 0 0
0 0 0 0 0 0
0 0 0 0 0 0
0 0 0 0 0 0
0 0 0 0 0 0
0 0 0 0 0 0
0 0 0 0 0 0
0 0 0 0 0 0
0 0 0 0 0 0
0 0 0 0 0 0
0 0 0 0 0 0
0 0 0 0 0 0
0 0 0 0 0 0
0 0 0 0 0 0
0 0 0 0 0 0
0 0 0 0 0 0
0 0 0 0 0 0
0 0 0 0 0 0
0 0 0 0 0 0
0 0 0 0 0 0
0 0 0 0 0 0
0 0 0 0 0 0
0 0 0 0 0 0
0 0 0 0 0 0
0 0 0 0 0 0
0 0 0 0 0 0
0 0 0 0 0 0
0 0 0 0 0 0
0 0 0 0 0 0
0 0 0 0 0 0
0 0 0 0 0 0
0 0 0 0 0 0
0 0 0 0 0 0
22 170448 15 3626 7747 241
0 0 0 0 0 0
0 0 0 0 0 0
0 0 0 0 0 0
0 0 0 0 0 0
0 0 0 0 0 0
0 0 0 0 0 0
0 0 0 0 0 0
0 0 0 0 0 0
0 0 0 0 0 0
0 0 0 0 0 0
0 0 0 0 0 0
0 0 0 0 0 0
0 0 0 0 0 0
0 0 0 0 0 0
0 0 0 0 0 0
0 0 0 0 0 0
0 0 0 0 0 0
0 0 0 0 0 0
0 0 0 0 0 0
0 0 0 0 0 0
0 0 0 0 0 0
0 0 0 0 0 0
0 0 0 0 0 0
0 0 0 0 0 0
0 0 0 0 0 0
0 0 0 0 0 0
0 0 0 0 0 0
0 0 0 0 0 0
0 0 0 0 0 0
0 0 0 0 0 0
0 0 0 0 0 0
0 0 0 0 0 0
0 0 0 0 0 0
0 0 0 0 0 0
22 170512 15 3626 7750 241
0 0 0 0 0 0
0 0 0 0 0 0
0 0 0 0 0 0
0 0 0 0 0 0
0 0 0 0 0 0
0 0 0 0 0 0
0 0 0 0 0 0
0 0 0 0 0 0
0 0 0 0 0 0
0 0 0 0 0 0
0 0 0 0 0 0
0 0 0 0 0 0
0 0 0 0 0 0
0 0 0 0 0 0
0 0 0 0 0 0
0 0 0 0 0 0
0 0 0 0 0 0
0 0 0 0 0 0
0 0 0 0 0 0
0 0 0 0 0 0
0 0 0 0 0 0
0 0 0 0 0 0
0 0 0 0 0 0
0 0 0 0 0 0
0 0 0 0 0 0
0 0 0 0 0 0
0 0 0 0 0 0
22 170194 14 3574 7736 255
0 0 0 0 0 0
0 0 0 0 0 0
0 0 0 0 0 0
0 0 0 0 0 0
0 0 0 0 0 0
0 0 0 0 0 0
0 0 0 0 0 0
0 0 0 0 0 0
0 0 0 0 0 0
0 0 0 0 0 0
0 0 0 0 0 0
0 0 0 0 0 0
0 0 0 0 0 0
0 0 0 0 0 0
0 0 0 0 0 0
0 0 0 0 0 0
0 0 0 0 0 0
0 0 0 0 0 0
0 0 0 0 0 0
0 0 0 0 0 0
0 0 0 0 0 0
0 0 0 0 0 0
0 0 0 0 0 0
0 0 0 0 0 0
0 0 0 0 0 0
0 0 0 0 0 0
0 0 0 0 0 0
0 0 0 0 0 0
0 0 0 0 0 0
0 0 0 0 0 0
0 0 0 0 0 0
0 0 0 0 0 0
0 0 0 0 0 0
0 0 0 0 0 0
0 0 0 0 0 0
0 0 0 0 0 0
0 0 0 0 0 0
0 0 0 0 0 0
0 0 0 0 0 0
0 0 0 0 0 0
0 0 0 0 0 0
0 0 0 0 0 0
0 0 0 0 0 0
0 0 0 0 0 0
9 1567 6 3154 174 525
0 0 0 0 0 0
0 0 0 0 0 0
0 0 0 0 0 0
0 0 0 0 0 0
0 0 0 0 0 0
0 0 0 0 0 0
19 171189 14 3574 9009 255
0 0 0 0 0 0
0 0 0 0 0 0
0 0 0 0 0 0
0 0 0 0 0 0
0 0 0 0 0 0
0 0 0 0 0 0
0 0 0 0 0 0
0 0 0 0 0 0
0 0 0 0 0 0
0 0 0 0 0 0
0 0 0 0 0 0
0 0 0 0 0 0
0 0 0 0 0 0
0 0 0 0 0 0
0 0 0 0 0 0
672 27993262 270 16880 41656 62
0 0 0 0 0 0
9 1573 6 3154 174 525
0 0 0 0 0 0
0 0 0 0 0 0
0 0 0 0 0 0
0 0 0 0 0 0
0 0 0 0 0 0
1 254 1 86 254 86
0 0 0 0 0 0
0 0 0 0 0 0
0 0 0 0 0 0
0 0 0 0 0 0
0 0 0 0 0 0
0 0 0 0 0 0
39 517279 32 4510 13263 140
0 0 0 0 0 0
0 0 0 0 0 0
0 0 0 0 0 0
0 0 0 0 0 0
0 0 0 0 0 0
0 0 0 0 0 0
0 0 0 0 0 0
0 0 0 0 0 0
0 0 0 0 0 0
0 0 0 0 0 0
9 1362 7 3206 151 458
0 0 0 0 0 0
90 777983 63 14640 8644 232
159 1358629 109 25555 8544 234
150 1357990 108 25503 9053 236
159 1357785 110 25607 8539 232
151 1360493 107 25451 9009 237
160 1357141 111 25659 8482 231
155 1353839 107 25451 8734 237
211 1953334 138 32518 9257 235
180 1481851 126 29513 8232 234
155 1363706 110 25607 8798 232
180 1526463 117 28580 8480 244
169 1398034 118 26255 8272 222
156 1364947 112 25711 8749 229
160 1366445 109 25555 8540 234
161 1366419 107 25451 8487 237
160 1366190 108 25503 8538 236
177 1561687 124 29176 8823 235
157 1366167 108 25503 8701 236
158 1366179 109 25555 8646 234
157 1365862 112 25711 8699 229
171 1561406 128 29348 9131 229
135 1170808 96 22082 8672 230
175 1545622 121 29012 8832 239
157 1357043 110 25607 8643 232
157 1357027 109 25555 8643 234
180 1542972 125 29228 8572 233
166 1304792 119 28917 7860 243
157 1308615 108 25503 8335 236
160 1338546 109 25555 8365 234
176 1535785 120 28932 8726 241
162 1340876 110 25643 8277 233
158 1347302 109 25563 8527 234
175 1551725 122 29064 8867 238
153 1355080 110 25607 8856 232
155 1351780 113 25763 8721 227
183 1613076 128 29397 8814 229
173 1539845 121 29012 8900 239
154 1346778 106 25399 8745 239
162 1346261 107 25451 8310 237
142 1344026 105 25347 9464 241
158 1340685 110 25607 8485 232
158 1343906 103 25243 8505 245
181 1490575 126 29280 8235 232
151 1332617 113 25763 8825 227
157 1341929 113 25763 8547 227
166 1342438 113 27862 8086 246
181 1534338 118 26765 8477 226
160 1343624 109 25555 8397 234
155 1340839 110 25607 8650 232
161 1338842 113 25763 8315 227
157 1338369 116 25919 8524 223
179 1529548 132 29592 8544 224
162 1341579 113 25763 8281 227
162 1341868 112 25711 8283 229
65 573410 47 10967 8821 233
0 0 0 0 0 0
0 0 0 0 0 0
0 0 0 0 0 0
0 0 0 0 0 0
0 0 0 0 0 0
0 0 0 0 0 0
0 0 0 0 0 0
0 0 0 0 0 0
0 0 0 0 0 0
0 0 0 0 0 0
0 0 0 0 0 0
0 0 0 0 0 0
0 0 0 0 0 0
0 0 0 0 0 0
0 0 0 0 0 0
0 0 0 0 0 0
0 0 0 0 0 0
0 0 0 0 0 0
0 0 0 0 0 0
28 266358 20 3886 9512 194
0 0 0 0 0 0
0 0 0 0 0 0
0 0 0 0 0 0
0 0 0 0 0 0
0 0 0 0 0 0
0 0 0 0 0 0
0 0 0 0 0 0
0 0 0 0 0 0
0 0 0 0 0 0
0 0 0 0 0 0
0 0 0 0 0 0
0 0 0 0 0 0
0 0 0 0 0 0
0 0 0 0 0 0
0 0 0 0 0 0
0 0 0 0 0 0
0 0 0 0 0 0
1 230 1 86 230 86
0 0 0 0 0 0
0 0 0 0 0 0
0 0 0 0 0 0
0 0 0 0 0 0
0 0 0 0 0 0
26 259475 17 3730 9979 219
0 0 0 0 0 0
0 0 0 0 0 0
0 0 0 0 0 0
0 0 0 0 0 0
0 0 0 0 0 0
0 0 0 0 0 0
0 0 0 0 0 0
0 0 0 0 0 0
0 0 0 0 0 0
0 0 0 0 0 0
0 0 0 0 0 0
0 0 0 0 0 0
0 0 0 0 0 0
0 0 0 0 0 0
0 0 0 0 0 0
498 24888292 219 14228 49976 64
0 0 0 0 0 0
0 0 0 0 0 0
0 0 0 0 0 0
0 0 0 0 0 0
0 0 0 0 0 0
0 0 0 0 0 0
0 0 0 0 0 0
0 0 0 0 0 0
0 0 0 0 0 0
0 0 0 0 0 0
0 0 0 0 0 0
0 0 0 0 0 0
0 0 0 0 0 0
0 0 0 0 0 0
0 0 0 0 0 0
0 0 0 0 0 0
0 0 0 0 0 0
0 0 0 0 0 0
0 0 0 0 0 0
0 0 0 0 0 0
0 0 0 0 0 0
0 0 0 0 0 0
0 0 0 0 0 0
0 0 0 0 0 0
0 0 0 0 0 0
0 0 0 0 0 0
0 0 0 0 0 0
0 0 0 0 0 0
0 0 0 0 0 0
0 0 0 0 0 0
0 0 0 0 0 0
0 0 0 0 0 0
27 259432 19 3834 9608 201
0 0 0 0 0 0
0 0 0 0 0 0
0 0 0 0 0 0
0 0 0 0 0 0
0 0 0 0 0 0
0 0 0 0 0 0
0 0 0 0 0 0
0 0 0 0 0 0
0 0 0 0 0 0
0 0 0 0 0 0
0 0 0 0 0 0
0 0 0 0 0 0
0 0 0 0 0 0
0 0 0 0 0 0
0 0 0 0 0 0
0 0 0 0 0 0
0 0 0 0 0 0
0 0 0 0 0 0
0 0 0 0 0 0
0 0 0 0 0 0
0 0 0 0 0 0
0 0 0 0 0 0
0 0 0 0 0 0
0 0 0 0 0 0
0 0 0 0 0 0
0 0 0 0 0 0
0 0 0 0 0 0
0 0 0 0 0 0
0 0 0 0 0 0
0 0 0 0 0 0
0 0 0 0 0 0
0 0 0 0 0 0
9 1387 7 3206 154 458
31 369018 24 4094 11903 170
0 0 0 0 0 0
0 0 0 0 0 0
0 0 0 0 0 0
0 0 0 0 0 0
0 0 0 0 0 0
0 0 0 0 0 0
0 0 0 0 0 0
0 0 0 0 0 0
0 0 0 0 0 0
0 0 0 0 0 0
0 0 0 0 0 0
0 0 0 0 0 0
0 0 0 0 0 0
0 0 0 0 0 0
0 0 0 0 0 0
0 0 0 0 0 0
0 0 0 0 0 0
0 0 0 0 0 0
0 0 0 0 0 0
0 0 0 0 0 0
0 0 0 0 0 0
1 328 1 309 328 309
0 0 0 0 0 0
0 0 0 0 0 0
0 0 0 0 0 0
32 328296 20 3886 10259 194
0 0 0 0 0 0
9 1474 6 3154 163 525
0 0 0 0 0 0
0 0 0 0 0 0
0 0 0 0 0 0
0 0 0 0 0 0
0 0 0 0 0 0
0 0 0 0 0 0
0 0 0 0 0 0
0 0 0 0 0 0
0 0 0 0 0 0
0 0 0 0 0 0
0 0 0 0 0 0
0 0 0 0 0 0
0 0 0 0 0 0
34 334908 25 4146 9850 165
0 0 0 0 0 0
0 0 0 0 0 0
9 1594 6 3154 177 525
0 0 0 0 0 0
0 0 0 0 0 0
0 0 0 0 0 0
0 0 0 0 0 0
0 0 0 0 0 0
0 0 0 0 0 0
0 0 0 0 0 0
0 0 0 0 0 0
0 0 0 0 0 0
0 0 0 0 0 0
0 0 0 0 0 0
0 0 0 0 0 0
0 0 0 0 0 0
0 0 0 0 0 0
0 0 0 0 0 0
9 1444 6 3154 160 525
0 0 0 0 0 0
0 0 0 0 0 0
0 0 0 0 0 0
0 0 0 0 0 0
0 0 0 0 0 0
0 0 0 0 0 0
0 0 0 0 0 0
0 0 0 0 0 0
0 0 0 0 0 0
0 0 0 0 0 0
0 0 0 0 0 0
0 0 0 0 0 0
0 0 0 0 0 0
0 0 0 0 0 0
0 0 0 0 0 0
0 0 0 0 0 0
0 0 0 0 0 0
0 0 0 0 0 0
0 0 0 0 0 0
0 0 0 0 0 0
0 0 0 0 0 0
0 0 0 0 0 0
0 0 0 0 0 0
0 0 0 0 0 0
0 0 0 0 0 0
0 0 0 0 0 0
0 0 0 0 0 0
0 0 0 0 0 0
0 0 0 0 0 0
0 0 0 0 0 0
0 0 0 0 0 0
0 0 0 0 0 0
0 0 0 0 0 0
0 0 0 0 0 0
28 339333 21 3938 12119 187
0 0 0 0 0 0
0 0 0 0 0 0
