19 15 45 43 2 8 121753 15916 1015215 43 2 8 20 15 45 43 2 7 126480 31722 1015081 43 2 7 2343 1317 2715 2519 2395 2873
20 17 45 48 1 2 125120 32471 1015025 48 1 2 21 16 45 47 1 2 130222 49095 1014842 47 1 2 2552 2383 2784 2767 2791 2977
20 20 16 45 1 0 71031 51651 70111 45 1 0 23 21 23 44 1 0 84546 79091 80927 44 1 0 2576 2693 2471 2856 3025 2654
21 22 17 38 1 0 68140 46696 68881 38 1 0 28 23 31 37 1 0 101583 85152 110869 37 1 0 2465 2234 2453 2888 3079 2611
21 22 17 37 1 0 67345 46242 68565 37 1 0 28 22 31 36 1 0 101040 82562 110771 36 1 0 2443 2157 2445 2878 3053 2596
21 21 17 41 1 0 68144 48484 68826 41 1 0 28 22 31 40 1 0 101736 84727 110656 40 1 0 2520 2383 2472 2951 3182 2623
21 21 17 44 1 0 70497 54038 69715 44 1 0 28 22 31 44 1 0 103693 87673 110608 44 1 0 2616 2640 2503 3035 3380 2653
21 21 17 44 1 0 71490 58591 69991 44 1 0 28 23 31 44 1 0 104654 91050 110540 44 1 0 2648 2720 2503 3058 3417 2659
21 20 17 42 1 0 70049 50843 69397 42 1 0 27 21 31 42 1 0 103100 89548 110685 42 1 0 2630 2695 2500 3028 3380 2672
19 18 17 42 1 0 66219 38525 69332 42 1 0 26 18 32 42 1 0 97681 75167 111984 42 1 0 2598 2414 2572 2926 3239 2754
20 18 17 36 1 0 69396 50141 69476 36 1 0 26 19 31 35 1 0 98269 77246 110989 35 1 0 2650 2966 2412 2887 3395 2374
20 19 16 28 1 0 72175 62428 69344 28 1 0 26 20 31 28 1 0 100610 85756 110435 28 1 0 2687 3207 2310 2868 3526 2210
19 18 15 27 1 0 71928 52710 71398 27 1 0 23 18 26 28 1 0 91903 74169 106377 28 1 0 2738 3374 2344 2848 3536 2284
16 14 12 27 1 0 66837 42405 71526 27 1 0 16 14 12 28 1 0 66779 42101 71603 28 1 0 2632 3123 2374 2576 2975 2370
15 9 12 22 1 0 59146 4748 70654 22 1 0 15 10 12 24 1 0 58683 4826 70885 24 1 0 2375 456 2375 2287 514 2389
13 7 11 16 1 0 49644 2176 67695 16 1 0 13 7 12 18 1 0 49142 793 67921 18 1 0 2045 356 2308 1934 144 2311
12 7 11 10 1 0 40175 1964 62978 10 1 0 12 7 11 12 1 0 39649 696 63167 12 1 0 1718 335 2198 1597 88 2179
12 7 10 7 1 0 32611 1946 58674 7 1 0 14 7 18 10 1 0 35002 659 60385 10 1 0 1442 320 2081 1342 87 2036
11 7 10 6 1 0 26263 1877 54386 6 1 0 13 7 18 9 1 0 29763 602 57165 9 1 0 1211 297 1958 1136 86 1908
11 7 10 5 1 0 23534 1894 51659 5 1 0 13 7 18 10 1 0 26631 630 54921 10 1 0 1027 289 1679 953 86 1730
12 7 10 3 1 0 18855 1950 44724 3 1 0 15 7 18 11 1 0 20075 660 49076 11 1 0 842 302 1445 704 86 1506
12 8 10 2 1 0 14090 2004 36892 2 1 0 15 8 18 10 1 0 14141 728 42368 10 1 0 665 313 1136 474 86 1205
12 9 9 1 1 0 7745 2130 13696 1 1 0 15 9 18 8 1 0 6772 837 25042 8 1 0 460 324 470 211 86 538
13 12 9 1 1 0 7540 3081 7611 1 1 0 15 10 18 8 1 0 5699 1183 22259 8 1 0 457 354 253 167 86 336
14 14 8 1 1 0 8224 6927 7454 1 1 0 16 14 17 7 1 0 5761 1347 22245 7 1 0 487 504 251 166 87 336
14 15 8 2 1 0 9548 7104 23423 2 1 0 17 14 17 8 1 0 7026 1347 31509 8 1 0 516 511 512 200 88 577
14 14 8 2 1 0 9577 7104 23413 2 1 0 17 14 17 8 1 0 6978 1340 31504 8 1 0 522 511 509 198 89 576
14 14 8 2 1 0 9528 6866 23421 2 1 0 14 13 10 7 1 0 3857 1193 25329 7 1 0 533 517 504 163 88 552
13 13 7 2 1 0 9560 6632 23405 2 1 0 14 12 9 7 1 0 2666 1173 22650 7 1 0 542 515 499 131 88 478
13 12 7 2 1 0 9216 4640 23421 2 1 0 13 11 9 5 1 0 2610 1025 22651 5 1 0 535 477 498 128 89 476
11 9 6 2 1 0 7178 3027 23012 2 1 0 11 9 6 3 1 0 2394 892 22655 3 1 0 483 394 496 128 89 476
10 8 5 1 1 0 6010 2730 22831 1 1 0 10 9 5 2 1 0 2311 837 22658 2 1 0 440 345 490 129 89 476
9 8 4 1 1 0 5006 2452 22753 1 1 0 9 8 5 2 1 0 2240 755 22662 2 1 0 397 326 482 129 89 476
8 7 4 1 1 0 4126 2344 22654 1 1 0 8 8 4 2 1 0 2164 735 22665 2 1 0 361 313 473 130 89 476
7 7 3 1 1 0 3555 2295 22579 1 1 0 8 8 3 2 1 0 2176 696 22675 2 1 0 337 302 466 134 91 478
8 7 3 0 0 0 2908 2289 2638 0 0 0 8 8 4 1 1 0 880 706 943 1 1 0 335 308 134 97 89 53
8 7 4 0 0 0 3824 2399 3829 0 0 0 9 8 6 13 1 0 911 709 960 13 1 0 376 328 170 92 89 50
9 8 5 1 1 0 5462 2523 12860 1 1 0 10 8 7 16 1 0 1711 752 11715 16 1 0 423 341 302 108 89 259
10 8 5 1 1 0 6341 2780 12941 1 1 0 11 9 8 16 1 0 1767 803 11711 16 1 0 471 364 323 108 89 259
10 8 6 2 1 0 6262 2681 12986 2 1 0 10 8 8 18 1 0 1732 781 11716 18 1 0 489 384 330 108 88 259
9 8 6 3 1 0 6199 2597 13009 3 1 0 10 8 8 22 1 0 1691 752 11720 22 1 0 526 445 336 107 88 260
9 8 6 3 1 0 6090 2500 13045 3 1 0 9 8 8 21 1 0 1635 680 11724 21 1 0 557 538 339 107 88 259
8 7 7 5 1 0 5985 2296 13074 5 1 0 9 7 9 23 1 0 1581 650 11727 23 1 0 585 599 338 107 87 260
8 6 7 6 1 0 5846 2063 13121 6 1 0 8 5 9 23 1 0 1543 438 11732 23 1 0 596 627 340 108 87 260
12 4 51 6 1 0 11605 1710 70417 6 1 0 10 4 23 24 1 0 1550 343 11764 24 1 0 624 648 343 105 86 257
10 3 52 9 1 0 10851 1257 70468 9 1 0 8 3 23 28 1 0 1452 294 11769 28 1 0 623 639 349 104 85 258
11 2 53 9 1 0 10171 1181 70498 9 1 0 10 3 26 17 1 0 8521 294 47240 17 1 0 595 592 361 199 87 590
10 2 53 8 1 0 8548 1121 69534 8 1 0 9 3 26 15 1 0 10687 270 51960 15 1 0 563 553 293 276 87 802
9 2 53 9 1 0 7519 1033 69559 9 1 0 7 2 26 17 1 0 10582 242 51980 17 1 0 533 502 294 276 87 802
13 2 86 10 1 0 123054 1029 1981916 10 1 0 11 2 72 17 1 0 126158 242 1981164 17 1 0 685 502 1861 434 87 2027
13 2 86 9 1 0 123023 1002 1981917 9 1 0 11 2 72 16 1 0 126158 242 1981164 16 1 0 667 479 1862 434 87 2027
13 2 86 11 1 0 123002 977 1981919 11 1 0 11 2 72 19 1 0 126155 242 1981164 19 1 0 654 467 1863 434 86 2027
13 2 86 11 1 0 122978 947 1981920 11 1 0 11 2 72 20 1 0 126154 242 1981164 20 1 0 647 455 1863 433 86 2027
13 2 86 10 1 0 122983 961 1981920 10 1 0 11 2 72 24 1 0 126147 242 1981164 24 1 0 652 460 1862 433 86 2027
9 2 69 12 1 0 117036 945 1981047 12 1 0 9 2 69 25 1 0 126020 242 1981172 25 1 0 645 461 1862 431 87 2028
9 2 69 10 1 0 117032 929 1981047 10 1 0 9 2 69 23 1 0 126064 242 1981169 23 1 0 628 445 1863 435 87 2027
6 2 67 12 1 0 116668 905 1981067 12 1 0 7 2 67 27 1 0 118866 221 1981068 27 1 0 636 445 1864 342 85 1967
6 2 67 13 1 0 116526 899 1981075 13 1 0 6 2 67 29 1 0 115855 199 1981083 29 1 0 648 461 1862 248 85 1878
6 2 67 14 1 0 116543 913 1981074 14 1 0 6 2 67 28 1 0 115864 199 1981082 28 1 0 647 463 1862 250 85 1878
2 2 1 16 1 0 972 917 607 16 1 0 2 2 1 33 1 0 278 199 532 33 1 0 496 463 285 91 85 52
2 2 1 17 1 0 998 939 605 17 1 0 2 2 1 33 1 0 278 199 531 33 1 0 511 488 285 90 85 52
2 2 2 16 1 0 1614 943 11079 16 1 0 2 2 2 32 1 0 893 199 11072 32 1 0 540 491 471 117 85 404
2 2 2 15 1 0 1603 935 11079 15 1 0 2 2 2 32 1 0 892 199 11072 32 1 0 532 480 472 116 85 404
2 2 2 15 1 0 1603 931 11080 15 1 0 2 2 2 32 1 0 893 199 11072 32 1 0 537 491 474 116 85 404
2 2 2 13 1 0 1587 905 11081 13 1 0 2 2 2 30 1 0 892 199 11072 30 1 0 531 469 475 117 85 404
2 2 2 13 1 0 1588 923 11076 13 1 0 2 2 2 31 1 0 849 199 11064 31 1 0 552 504 473 113 85 402
2 2 2 12 1 0 1585 931 11076 12 1 0 2 2 2 30 1 0 849 199 11064 30 1 0 554 510 473 114 85 402
2 2 2 14 1 0 1589 927 11077 14 1 0 2 2 2 31 1 0 858 199 11064 31 1 0 550 498 477 116 85 403
2 2 2 12 1 0 1594 933 11076 12 1 0 2 2 2 32 1 0 848 199 11064 32 1 0 570 524 478 114 85 402
2 2 2 9 1 0 1576 918 11077 9 1 0 2 2 2 29 1 0 845 199 11064 29 1 0 566 520 477 115 85 402
2 2 2 9 1 0 1582 927 11076 9 1 0 2 2 2 28 1 0 845 199 11064 28 1 0 571 521 477 115 85 402
2 2 1 9 1 0 992 941 517 9 1 0 2 2 1 29 1 0 232 199 205 29 1 0 558 529 294 89 85 39
2 2 1 8 1 0 1032 991 515 8 1 0 2 2 1 29 1 0 234 199 208 29 1 0 584 570 297 89 85 40
2 2 1 8 1 0 1053 1007 508 8 1 0 2 2 1 28 1 0 230 199 200 28 1 0 598 588 291 89 85 38
2 2 2 9 1 0 1708 1019 11248 9 1 0 2 2 3 30 1 0 1166 199 11978 30 1 0 606 587 393 123 85 396
3 2 8 8 1 0 1848 1045 11262 8 1 0 4 2 12 27 1 0 10236 222 64729 27 1 0 579 548 401 272 86 1039
4 2 9 7 1 0 1904 1063 11262 7 1 0 5 2 13 26 1 0 12042 242 65014 26 1 0 550 517 406 366 88 1092
4 2 9 6 1 0 1898 1051 11264 6 1 0 5 2 13 26 1 0 12053 242 65012 26 1 0 536 492 407 367 90 1092
5 2 12 6 1 0 2636 1030 14948 6 1 0 6 3 13 27 1 0 12559 242 65222 27 1 0 505 429 407 383 91 1099
9 3 16 5 1 0 6841 1093 19900 5 1 0 8 3 14 24 1 0 12678 294 65201 24 1 0 564 491 433 381 88 1100
17 3 52 4 1 0 17811 1201 69247 4 1 0 13 3 29 22 1 0 12920 344 65170 22 1 0 614 529 462 377 85 1101
59 4 149 3 1 0 73404 1558 200889 3 1 0 31 5 69 19 1 0 13889 499 65074 19 1 0 679 627 498 374 85 1102
88 6 203 4 1 0 111362 1715 272458 4 1 0 43 7 90 17 1 0 14559 907 65024 17 1 0 703 651 512 374 85 1102
88 6 203 5 1 0 111368 1715 272456 5 1 0 43 7 90 16 1 0 14563 928 65023 16 1 0 696 620 515 374 85 1102
88 6 203 5 1 0 110741 1731 272476 5 1 0 43 6 90 17 1 0 13629 779 64106 17 1 0 696 681 439 340 85 1037
86 4 203 5 1 0 110618 1576 272525 5 1 0 41 4 91 19 1 0 4566 449 11168 19 1 0 727 709 421 191 85 415
85 3 203 7 1 0 110855 1481 272496 7 1 0 40 4 91 19 1 0 3040 365 9768 19 1 0 764 747 425 106 85 239
85 3 203 6 1 0 110857 1504 272495 6 1 0 40 3 91 19 1 0 3022 356 9772 19 1 0 785 775 414 104 85 237
85 3 204 8 1 0 110131 1573 272606 8 1 0 39 3 91 19 1 0 2536 344 7650 19 1 0 803 781 397 89 85 178
81 2 205 9 1 0 105952 1219 273869 9 1 0 37 3 91 20 1 0 2421 291 7671 20 1 0 757 717 397 92 85 178
72 2 201 10 1 0 94968 1117 269336 10 1 0 33 3 89 25 1 0 2176 242 7598 25 1 0 701 668 385 94 85 178
30 2 148 10 1 0 39371 1047 198440 10 1 0 15 2 64 27 1 0 1219 229 6896 27 1 0 626 602 343 98 85 178
2 2 2 10 1 0 1388 997 6029 10 1 0 2 2 2 29 1 0 548 199 6018 29 1 0 583 567 317 98 85 177
8 2 44 9 1 0 9110 995 59024 9 1 0 5 2 20 28 1 0 704 222 6111 28 1 0 584 563 334 99 85 179
8 2 44 9 1 0 9110 997 59024 9 1 0 5 2 20 27 1 0 707 232 6111 27 1 0 585 550 336 100 85 179
8 2 44 10 1 0 9130 999 59021 10 1 0 5 2 20 28 1 0 796 242 6195 28 1 0 578 531 342 112 85 232
8 2 43 9 1 0 8865 999 58750 9 1 0 5 2 20 26 1 0 516 242 1578 26 1 0 583 547 302 105 85 155
8 2 43 8 1 0 8869 1011 58750 8 1 0 5 2 20 25 1 0 514 242 1578 25 1 0 584 550 302 105 85 154
12 2 74 13 1 0 164116 1009 2031372 13 1 0 10 2 63 33 1 0 155874 242 2031113 33 1 0 924 548 3090 493 85 3320
14 2 74 12 1 0 164333 1047 2031355 12 1 0 12 3 64 31 1 0 166515 242 2031369 31 1 0 895 493 3094 691 87 3470
14 2 74 11 1 0 164366 1069 2031352 11 1 0 12 3 64 28 1 0 166742 242 2031354 28 1 0 901 501 3093 715 87 3485
14 2 74 11 1 0 164369 1069 2031352 11 1 0 12 2 64 27 1 0 167273 242 2031322 27 1 0 892 487 3094 753 88 3507
14 2 74 12 1 0 164390 1096 2031351 12 1 0 13 3 64 25 1 0 169219 251 2031328 25 1 0 887 487 3095 815 88 3564
8 2 60 12 1 0 156627 1053 2031095 12 1 0 10 2 61 26 1 0 169119 242 2031336 26 1 0 870 481 3095 822 90 3567
8 2 60 11 1 0 156634 1053 2031095 11 1 0 10 2 61 25 1 0 169218 242 2031329 25 1 0 865 477 3095 831 90 3571
9 2 60 11 1 0 156625 1055 2031095 11 1 0 10 2 61 26 1 0 169638 242 2031309 26 1 0 870 479 3094 832 89 3574
9 2 60 11 1 0 156648 1081 2031094 11 1 0 11 3 61 27 1 0 172112 242 2031173 27 1 0 847 451 3097 960 92 3649
9 2 60 11 1 0 156642 1069 2031094 11 1 0 11 3 61 28 1 0 172125 242 2031172 28 1 0 835 429 3098 960 92 3649
18 2 84 4 1 0 19742 1069 111885 4 1 0 12 3 38 19 1 0 17099 246 72710 19 1 0 505 440 318 573 88 1636
74 2 199 4 1 0 96315 1085 266894 4 1 0 33 3 89 20 1 0 7768 254 32739 20 1 0 606 509 388 371 85 1272
118 3 229 5 1 0 155191 1159 309835 5 1 0 53 3 105 19 1 0 9640 294 39311 19 1 0 670 543 439 352 85 1229
170 3 272 5 1 0 225336 1408 365813 5 1 0 76 4 126 18 1 0 10359 335 38822 18 1 0 748 634 462 311 85 1153
170 3 272 5 1 0 225351 1412 365804 5 1 0 76 4 126 17 1 0 8760 335 29655 17 1 0 744 626 464 270 85 955
170 3 272 5 1 0 225380 1466 365787 5 1 0 76 4 126 18 1 0 8703 346 29640 18 1 0 750 645 463 261 85 937
170 3 272 5 1 0 225375 1460 365790 5 1 0 76 4 126 19 1 0 8617 356 29594 19 1 0 743 632 466 253 85 917
170 3 272 5 1 0 225367 1460 365794 5 1 0 76 4 126 16 1 0 8200 356 28712 16 1 0 744 634 465 243 85 895
170 3 272 4 1 0 225366 1373 365795 4 1 0 76 4 126 15 1 0 5823 356 23725 15 1 0 746 633 461 120 85 284
170 4 272 4 1 0 225427 1463 365758 4 1 0 77 4 126 13 1 0 7299 377 25847 13 1 0 744 638 465 162 85 402
157 3 266 5 1 0 207097 1443 358891 5 1 0 72 4 124 12 1 0 8599 364 32542 12 1 0 708 605 465 174 85 408
100 3 218 6 1 0 130462 1162 295078 6 1 0 49 3 103 12 1 0 8532 331 33772 12 1 0 606 484 434 211 85 467
57 3 182 5 1 0 71585 1077 243710 5 1 0 29 3 86 13 1 0 6477 326 25455 13 1 0 537 441 372 208 86 451
4 2 8 8 1 0 1423 1018 1796 8 1 0 6 3 19 18 1 0 5214 261 25290 18 1 0 465 411 293 210 89 451
4 2 8 8 1 0 1884 1018 10866 8 1 0 6 3 19 18 1 0 5357 254 27118 18 1 0 483 416 377 203 88 469
4 2 8 10 1 0 1939 987 11041 10 1 0 6 3 19 19 1 0 5443 242 27176 19 1 0 479 408 411 210 88 500
4 2 8 10 1 0 1932 985 11040 10 1 0 6 2 19 20 1 0 5435 242 27177 20 1 0 487 414 414 209 88 500
4 2 8 11 1 0 1903 951 11041 11 1 0 6 2 19 25 1 0 5336 242 27132 25 1 0 480 408 412 205 88 499
4 2 8 12 1 0 1839 905 11038 12 1 0 6 2 19 28 1 0 5239 242 27131 28 1 0 475 397 411 199 87 498
3 2 8 13 1 0 1815 915 11033 13 1 0 5 2 19 31 1 0 4079 242 25351 31 1 0 478 402 408 171 87 452
3 2 7 12 1 0 1759 889 11029 12 1 0 4 2 8 30 1 0 2453 242 15396 30 1 0 480 404 406 160 87 443
2 2 3 11 1 0 1613 875 10955 11 1 0 3 2 4 30 1 0 1461 225 12139 30 1 0 487 408 406 140 87 405
2 2 3 13 1 0 1580 845 10954 13 1 0 3 2 4 30 1 0 1419 222 12127 30 1 0 481 407 404 138 86 404
2 2 3 10 1 0 1629 853 10956 10 1 0 3 2 4 25 1 0 1485 235 12140 25 1 0 485 407 405 142 87 405
2 2 3 11 3 7 1079 820 2206 11 3 7 3 2 4 29 1 4 993 214 5756 29 1 4 440 376 340 126 85 312
2 2 3 12 6 11 916 773 972 12 6 11 2 2 4 27 3 8 881 177 5410 27 3 8 395 328 312 110 85 258
2 1 3 18 6 9 828 671 998 18 6 9 2 2 4 29 4 9 864 170 5413 29 4 9 343 263 313 103 85 260
2 1 4 27 5 8 1042 496 6849 27 5 8 2 1 4 34 5 8 1160 128 8671 34 5 8 300 222 351 115 85 377
2 1 4 33 6 8 971 254 6853 33 6 8 2 1 4 36 5 8 1144 85 8673 36 5 8 265 147 353 110 74 381
1 1 3 38 6 8 830 52 6850 38 6 8 1 1 4 37 6 9 794 52 7452 37 6 9 213 52 338 87 52 331
1 0 3 49 5 7 749 0 6845 49 5 7 1 0 4 46 6 8 751 0 7449 46 6 8 183 0 334 77 0 330
1 0 3 54 5 7 632 0 6830 54 5 7 1 0 3 49 6 8 479 0 6844 49 6 8 146 0 318 57 0 289
0 0 2 61 5 7 536 0 6829 61 5 7 0 0 3 57 6 8 464 0 6845 57 6 8 93 0 275 50 0 290
0 0 2 65 6 7 390 0 6814 65 6 7 0 0 2 62 6 8 377 0 6814 62 6 8 39 0 212 39 0 288
0 0 2 70 5 6 366 0 6813 70 5 6 0 0 2 66 6 7 373 0 6817 66 6 7 29 0 201 35 0 285
0 0 2 74 5 5 388 0 6815 74 5 5 0 0 2 68 6 6 397 0 6822 68 6 6 33 0 204 39 0 287
0 0 2 73 5 6 375 0 6813 73 5 6 0 0 2 67 6 6 385 0 6820 67 6 6 31 0 203 37 0 286
0 0 1 67 6 6 61 0 323 67 6 6 0 0 1 61 6 7 67 0 422 61 6 7 21 0 70 18 0 72
0 0 1 64 6 6 67 0 379 64 6 6 0 0 1 59 7 7 71 0 459 59 7 7 19 0 62 16 0 55
5 0 62 62 6 7 167026 0 2135679 62 6 7 5 0 62 58 7 7 167030 0 2135679 58 7 7 261 0 2761 257 0 2761
5 0 62 56 7 7 167023 0 2135680 56 7 7 5 0 62 53 8 7 167027 0 2135679 53 8 7 260 0 2761 257 0 2761
5 0 62 56 7 8 167028 0 2135679 56 7 8 5 0 62 54 7 8 167027 0 2135679 54 7 8 260 0 2761 256 0 2761
8 0 70 60 6 8 170822 0 2135846 60 6 8 6 0 63 55 7 8 167097 0 2135674 55 7 8 281 0 2764 259 0 2761
8 0 70 60 6 7 170830 0 2135845 60 6 7 6 0 63 56 7 8 167110 0 2135673 56 7 8 285 0 2764 265 0 2762
8 0 70 60 6 8 170850 0 2135844 60 6 8 6 0 63 56 7 8 167371 0 2135656 56 7 8 288 0 2764 275 0 2764
8 0 70 54 7 10 170827 0 2135845 54 7 10 6 0 63 53 8 10 167347 0 2135658 53 8 10 284 0 2764 272 0 2764
8 0 70 56 7 10 170886 0 2135841 56 7 10 7 0 63 57 7 9 167603 0 2135639 57 7 9 289 0 2764 286 0 2766
8 0 70 56 7 10 170904 0 2135839 56 7 10 7 0 63 57 7 9 167657 0 2135635 57 7 9 291 0 2764 289 0 2766
8 0 70 58 6 9 170911 0 2135839 58 6 9 7 0 63 58 6 9 167659 0 2135635 58 6 9 293 0 2764 291 0 2766
3 0 33 58 6 10 3952 0 44469 58 6 10 2 0 13 56 7 10 701 0 4711 56 7 10 52 0 187 49 0 210
3 0 33 57 7 10 3958 0 44469 57 7 10 2 0 13 55 7 10 707 0 4713 55 7 10 51 0 187 49 0 210
5 0 36 57 6 10 6596 0 49646 57 6 10 3 0 15 58 6 10 1147 0 9015 58 6 10 85 0 341 68 0 330
18 0 59 46 7 11 22587 0 78345 46 7 11 10 0 30 50 7 11 3918 0 17095 50 7 11 161 0 442 125 0 487
20 0 59 45 7 11 22736 0 78307 45 7 11 15 0 40 47 7 11 12601 0 51950 47 7 11 163 0 441 199 0 587
20 0 59 45 7 10 22752 0 78302 45 7 10 16 0 41 47 7 10 15427 0 58231 47 7 10 162 0 439 257 0 763
21 0 59 49 6 9 22811 0 78286 49 6 9 18 0 42 51 6 9 21995 0 74235 51 6 9 166 0 439 329 0 887
21 0 59 49 6 9 22788 0 78292 49 6 9 19 0 43 50 6 9 25093 0 78404 50 6 9 164 0 439 367 0 945
21 0 59 49 6 8 22775 0 78296 49 6 8 19 0 43 49 6 8 25041 0 78414 49 6 8 162 0 438 364 0 945
21 0 59 47 6 9 22993 0 78345 47 6 9 19 0 43 48 6 9 25042 0 78414 48 6 9 165 0 442 362 0 945
22 0 59 48 6 7 23012 0 78339 48 6 7 19 0 43 49 6 8 26753 0 79708 49 6 8 168 0 442 411 0 1010
22 0 59 48 6 7 23008 0 78340 48 6 7 19 0 43 50 6 7 26745 0 79711 50 6 7 168 0 442 411 0 1010
20 0 57 49 6 7 20368 0 75741 49 6 7 18 0 43 47 7 8 26307 0 79480 47 7 8 134 0 346 393 0 984
4 0 11 56 6 7 602 0 4306 56 6 7 10 0 34 53 6 7 23477 0 78947 53 6 7 39 0 110 334 0 933
2 0 8 63 5 6 672 0 5235 63 5 6 5 0 18 60 6 7 15199 0 63425 60 6 7 54 0 188 284 0 898
5 0 15 57 5 7 1007 0 5394 57 5 7 9 0 27 54 6 7 37816 0 140365 54 6 7 70 0 204 499 0 1432
6 0 15 52 5 7 2440 0 6888 52 5 7 10 0 25 50 6 7 34122 0 136104 50 6 7 147 0 310 487 0 1401
7 0 16 52 5 7 3873 0 8943 52 5 7 10 0 24 47 6 7 30895 0 133958 47 6 7 203 0 370 440 0 1364
7 0 16 58 4 4 3875 0 8942 58 4 4 10 0 24 57 4 5 30902 0 133956 57 4 5 205 0 369 446 0 1366
7 0 15 63 4 4 3653 0 7998 63 4 4 10 0 24 61 4 5 30903 0 133956 61 4 5 202 0 363 448 0 1365
7 0 15 70 3 3 3638 0 8004 70 3 3 9 0 23 66 4 3 29195 0 133243 66 4 3 202 0 363 399 0 1319
7 0 15 77 3 2 3639 26 8003 77 3 2 9 0 23 71 3 3 29199 0 133242 71 3 3 204 26 362 400 0 1319
7 1 15 78 3 2 3667 52 7992 78 3 2 10 1 23 72 3 3 29211 52 133239 72 3 3 208 52 361 402 52 1318
8 1 15 72 2 2 3800 192 7942 72 2 2 10 2 23 66 3 2 29240 168 133233 66 3 2 233 70 357 408 76 1317
8 3 15 62 3 2 3756 315 7355 62 3 2 10 3 23 65 3 2 28875 254 133237 65 3 2 242 88 326 385 80 1308
5 3 8 61 3 2 3572 337 7314 61 3 2 6 3 9 68 2 2 3276 225 30205 68 2 2 253 173 319 114 79 394
4 3 6 62 3 2 3059 323 14177 62 3 2 4 3 6 69 2 2 1281 218 12882 69 2 2 224 157 474 90 78 436
3 4 3 56 3 2 1777 1037 12880 56 3 2 3 4 4 65 2 2 1208 340 12879 65 2 2 198 196 431 93 81 436
4 5 3 45 3 2 1976 1472 12869 45 3 2 4 5 4 51 3 3 1261 425 12877 51 3 3 228 259 429 95 85 424
4 5 3 36 2 2 2135 1587 12855 36 2 2 4 5 4 43 2 3 1303 425 12873 43 2 3 253 284 424 101 85 423
5 6 3 25 2 2 2309 1719 12838 25 2 2 5 5 3 35 2 2 1351 497 12869 35 2 2 280 298 417 108 85 422
5 6 3 14 2 1 2482 1804 12819 14 2 1 5 6 3 37 1 1 1395 510 12866 37 1 1 307 312 409 112 85 421
6 6 2 4 1 1 2613 1840 12804 4 1 1 6 6 3 27 1 0 1430 510 12863 27 1 0 326 318 402 116 85 420
5 6 3 11 2 1 2517 1831 12817 11 2 1 6 6 3 36 1 0 1404 510 12865 36 1 0 310 315 408 113 85 420
5 6 3 23 2 1 2343 1789 12836 23 2 1 5 6 3 38 1 1 1357 510 12869 38 1 1 286 305 416 108 85 421
4 5 3 36 2 1 2154 1649 12852 36 2 1 4 5 3 48 2 1 1252 425 12860 48 2 1 259 284 422 98 85 417
12 5 65 45 2 1 12184 1533 88553 45 2 1 6 5 21 56 2 1 533 425 1176 56 2 1 239 272 211 69 85 67
11 4 65 56 2 1 12010 1191 88574 56 2 1 6 4 21 65 2 1 493 340 1198 65 2 1 208 229 217 63 85 69
12 3 69 64 2 1 47800 312 781825 64 2 1 7 2 31 75 2 1 36530 178 777471 75 2 1 287 190 1587 166 80 1584
11 1 69 75 2 1 47634 142 781835 75 2 1 6 1 31 86 2 1 36482 92 777473 86 2 1 261 87 1589 159 52 1585
11 1 69 88 2 1 47481 85 781844 88 2 1 6 1 31 99 2 1 36470 52 777473 99 2 1 236 53 1590 158 52 1586
11 0 69 101 2 1 47320 0 781854 101 2 1 5 0 31 101 2 1 36457 0 777474 101 2 1 212 0 1591 160 0 1587
10 0 69 113 2 1 47163 0 781863 113 2 1 5 0 31 114 2 1 36414 0 777476 114 2 1 188 0 1591 155 0 1587
10 0 69 120 2 1 47112 0 781866 120 2 1 5 0 31 120 2 1 36400 0 777477 120 2 1 181 0 1592 153 0 1588
10 0 69 123 2 1 47116 0 781866 123 2 1 5 0 31 123 2 1 36408 0 777476 123 2 1 182 0 1594 155 0 1588
10 0 69 122 2 1 47188 0 781864 122 2 1 5 0 31 122 2 1 36406 0 777477 122 2 1 183 0 1594 154 0 1588
2 0 23 123 2 1 36187 0 777329 123 2 1 2 0 23 126 2 1 36251 0 777483 126 2 1 154 0 1586 150 0 1588
2 0 23 123 2 1 36187 0 777329 123 2 1 2 0 23 129 2 1 36266 0 777482 129 2 1 155 0 1586 153 0 1588
1 0 2 128 2 1 197 0 1769 128 2 1 1 0 2 131 2 1 171 0 739 131 2 1 48 0 127 45 0 125
1 0 2 129 2 1 205 0 1772 129 2 1 1 0 2 133 2 1 176 0 744 133 2 1 51 0 129 48 0 129
1 0 3 129 2 1 716 0 11590 129 2 1 1 0 3 133 2 1 705 0 11405 133 2 1 60 0 253 62 0 301
1 0 3 130 2 1 702 0 11590 130 2 1 1 0 3 133 2 1 673 0 11398 133 2 1 57 0 251 56 0 294
1 0 3 130 2 1 705 0 11590 130 2 1 1 0 3 136 2 1 678 0 11398 136 2 1 58 0 251 57 0 295
1 0 3 127 2 1 704 0 11590 127 2 1 1 0 3 132 2 1 676 0 11398 132 2 1 57 0 251 58 0 295
1 0 3 115 2 1 802 0 11591 115 2 1 1 0 3 119 2 1 690 0 11398 119 2 1 103 0 289 61 0 291
1 0 3 103 2 1 833 0 11463 103 2 1 1 0 2 110 2 1 700 0 11397 110 2 1 158 0 334 67 0 291
1 1 3 94 2 1 935 88 11462 94 2 1 1 1 2 102 2 1 723 84 11397 102 2 1 213 63 364 73 52 290
1 1 3 85 2 1 1014 178 11460 85 2 1 1 1 2 93 2 1 718 85 11393 93 2 1 259 87 379 75 68 285
1 1 3 72 2 1 1110 306 11457 72 2 1 1 1 2 84 2 1 735 92 11392 84 2 1 306 192 385 81 78 284
1 1 3 61 2 1 1169 537 11455 61 2 1 2 2 2 73 1 1 761 136 11395 73 1 1 335 233 383 86 85 284
1 1 1 49 2 1 748 721 675 49 2 1 2 2 2 64 1 1 213 167 430 64 1 1 382 335 335 72 85 59
1 2 1 37 2 1 860 837 660 37 2 1 2 2 1 55 1 0 231 170 428 55 1 0 442 408 330 79 85 57
2 2 2 24 2 1 1834 943 13903 24 2 1 2 2 2 43 1 1 1114 177 13880 43 1 1 531 482 598 115 85 526
2 2 2 18 1 0 1941 1009 13894 18 1 0 2 2 2 36 1 0 1131 199 13879 36 1 0 589 544 583 120 85 526
2 2 2 15 1 0 1946 1018 13893 15 1 0 2 2 2 34 1 0 1127 199 13878 34 1 0 596 558 581 120 85 526
2 2 2 15 1 0 1929 1001 13894 15 1 0 2 2 2 35 1 0 1127 199 13878 35 1 0 584 548 582 120 85 526
2 2 2 16 1 0 1932 1005 13894 16 1 0 2 2 2 36 1 0 1118 199 13877 36 1 0 588 539 584 119 85 526
2 2 2 16 1 0 1949 1017 13893 16 1 0 2 2 2 37 1 0 1118 199 13877 37 1 0 598 556 582 119 85 526
2 2 2 16 1 0 1952 1015 13893 16 1 0 2 2 2 37 1 0 1117 199 13877 37 1 0 603 561 583 119 85 526
2 2 2 19 1 0 1975 1029 13891 19 1 0 2 2 2 40 1 0 1101 199 13875 40 1 0 620 596 581 117 85 525
2 2 2 31 1 0 1867 957 13899 31 1 0 2 2 2 50 1 0 1085 177 13876 50 1 0 564 544 597 112 85 526
1 2 2 41 1 1 1759 845 13908 41 1 1 2 2 2 57 1 1 1078 170 13878 57 1 1 505 471 611 108 85 527
1 1 1 51 2 1 780 759 664 51 2 1 1 2 1 67 1 1 187 137 255 67 1 1 416 391 348 70 85 51
18 1 85 53 2 1 22724 735 113798 53 2 1 8 2 32 68 1 1 575 137 1990 68 1 1 415 359 386 71 85 82
50 1 151 54 2 1 66265 717 202156 54 2 1 21 2 59 69 2 1 1279 137 3332 69 2 1 446 332 446 67 76 84
50 1 151 67 2 1 66522 475 202206 67 2 1 21 1 59 79 2 1 1612 92 8030 79 2 1 414 217 490 76 62 241
50 1 151 73 2 1 66504 192 202213 73 2 1 21 1 59 86 2 1 1662 85 8065 86 2 1 361 108 487 76 53 251
50 1 151 81 2 1 66529 140 202206 81 2 1 21 1 59 88 2 1 1725 85 8068 88 2 1 327 87 485 87 52 267
57 1 160 91 2 1 75367 85 214324 91 2 1 22 1 60 96 2 1 1796 52 8084 96 2 1 305 70 498 83 52 268
57 0 160 101 2 1 75281 0 214354 101 2 1 22 0 60 106 2 1 1781 0 8087 106 2 1 257 0 489 77 0 268
57 0 160 99 2 1 75314 0 214342 99 2 1 22 0 60 103 2 1 1874 0 8164 103 2 1 261 0 490 86 0 287
57 0 160 98 2 2 75324 0 214339 98 2 2 22 0 60 104 2 1 1958 0 8355 104 2 1 260 0 490 87 0 290
57 0 160 101 2 1 75340 26 214333 101 2 1 22 0 60 103 2 1 2006 0 8389 103 2 1 262 26 490 91 0 293
40 0 140 107 2 1 53295 0 187907 107 2 1 16 0 53 106 2 1 1609 0 8224 106 2 1 206 0 437 86 0 286
8 0 58 117 2 2 9644 0 79148 117 2 2 3 0 13 116 2 1 885 0 7809 116 2 1 117 0 318 83 0 286
8 0 58 116 2 2 9302 0 78846 116 2 2 2 0 13 115 2 1 551 0 2674 115 2 1 105 0 241 72 0 179
11 0 87 119 2 1 140886 0 2132897 119 2 1 6 0 67 117 2 1 132158 0 2131980 117 2 1 229 0 2038 195 0 2033
13 0 89 118 2 1 173532 0 2201016 118 2 1 8 0 69 119 2 1 164938 0 2200258 119 2 1 412 0 3048 391 0 3058
8 0 68 108 2 1 164864 0 2200251 108 2 1 9 0 69 110 2 1 170367 0 2200044 110 2 1 392 0 3045 491 0 3076
9 0 68 104 2 2 164972 0 2200243 104 2 2 11 0 69 104 2 1 172202 0 2199959 104 2 1 395 0 3045 521 0 3082
9 0 68 101 2 2 164975 0 2200243 101 2 2 11 0 70 102 2 2 173089 0 2199951 102 2 2 396 0 3046 535 0 3089
10 0 69 103 2 2 165006 0 2200240 103 2 2 11 0 70 101 2 1 175536 0 2199989 101 2 1 399 0 3045 592 0 3117
10 0 69 103 2 2 165023 0 2200239 103 2 2 11 0 70 103 2 1 175703 0 2199980 103 2 1 405 0 3046 594 0 3118
10 0 69 103 2 1 165023 0 2200239 103 2 1 11 0 70 105 2 1 175807 0 2199973 105 2 1 407 0 3046 598 0 3118
10 0 69 98 2 2 165030 0 2200239 98 2 2 11 0 70 103 2 2 175815 26 2199972 103 2 2 409 0 3046 599 26 3118
10 0 69 98 2 2 165022 0 2200239 98 2 2 11 0 70 103 2 2 175799 0 2199973 103 2 2 407 0 3046 596 0 3119
5 0 21 95 2 2 33349 0 551703 95 2 2 7 0 25 96 2 2 44125 0 553213 96 2 2 277 0 2286 466 0 2392
4 0 13 97 2 2 586 0 1585 97 2 2 6 0 19 98 2 2 11276 0 48222 98 2 2 75 0 160 255 0 729
2 0 8 111 2 2 321 0 1083 111 2 2 3 0 11 112 2 2 5764 0 39293 112 2 2 65 0 155 153 0 614
1 0 6 112 2 2 565 0 7646 112 2 2 2 0 8 114 2 2 4368 0 36938 114 2 2 75 0 269 140 0 617
1 0 6 113 2 2 528 0 7638 113 2 2 1 0 7 116 2 2 3400 0 33131 116 2 2 68 0 257 122 0 561
1 0 2 114 2 2 486 0 7631 114 2 2 1 0 3 121 2 2 863 0 9243 121 2 2 67 0 255 62 0 293
0 0 2 113 2 2 456 0 7628 113 2 2 1 0 2 123 2 2 652 0 8205 123 2 2 58 0 242 56 0 275
0 0 2 111 2 2 450 0 7627 111 2 2 1 0 2 122 2 2 541 0 7843 122 2 2 57 0 240 52 0 266
1 0 2 114 2 2 466 0 7631 114 2 2 1 0 2 124 2 2 565 0 7852 124 2 2 56 0 234 53 0 266
1 0 2 112 2 2 482 0 7631 112 2 2 1 0 3 119 2 2 908 0 8672 119 2 2 59 0 235 79 0 368
1 0 2 117 2 2 504 0 7636 117 2 2 1 0 3 123 2 2 920 0 8672 123 2 2 62 0 238 80 0 369
1 0 2 119 2 2 492 0 7633 119 2 2 1 0 3 125 2 2 909 0 8672 125 2 2 60 0 237 79 0 369
1 0 2 119 2 2 489 0 7633 119 2 2 1 0 3 123 2 2 906 0 8672 123 2 2 61 0 237 79 0 369
1 0 2 120 2 2 147 0 495 120 2 2 1 0 2 125 2 2 478 0 3760 125 2 2 50 0 88 63 0 269
1 0 2 121 2 2 157 0 552 121 2 2 1 0 2 127 2 2 474 0 3764 127 2 2 49 0 88 58 0 264
1 0 4 122 2 2 1530 0 30680 122 2 2 1 0 4 127 2 2 1845 0 30891 127 2 2 66 0 405 75 0 475
1 0 4 120 2 2 1535 0 30680 120 2 2 1 0 4 122 2 2 1850 0 30891 122 2 2 66 0 406 77 0 476
1 0 4 117 2 2 1533 0 30681 117 2 2 1 0 4 123 2 2 1848 0 30891 123 2 2 64 0 405 76 0 476
10 0 74 116 2 2 14646 0 104164 116 2 2 5 0 35 122 2 2 2104 0 30940 122 2 2 94 0 445 80 0 479
84 0 238 106 2 2 112597 0 319894 106 2 2 39 0 112 113 2 2 3551 0 31167 113 2 2 221 0 578 57 0 406
161 0 320 93 2 2 216077 0 428978 93 2 2 74 0 154 102 2 1 5450 0 31588 102 2 1 347 0 661 59 0 404
215 1 351 80 2 2 287108 88 470158 80 2 2 100 1 171 90 2 1 7275 92 32344 90 2 1 448 66 701 78 52 434
215 1 351 75 3 2 287106 85 470160 75 3 2 100 1 171 89 2 1 7274 85 32344 89 2 1 448 60 701 78 52 434
215 1 351 78 2 2 287098 86 470165 78 2 2 100 1 171 91 2 1 7263 89 32346 91 2 1 448 63 702 77 52 434
215 1 351 76 3 2 287085 85 470173 76 3 2 100 1 171 89 2 2 7251 84 32348 89 2 2 447 60 703 77 52 434
214 1 351 72 3 2 285710 72 470007 72 3 2 100 1 171 85 2 2 5876 84 11006 85 2 2 429 55 592 59 52 178
214 1 351 72 3 2 285712 88 470005 72 3 2 100 1 171 90 2 2 5877 84 11006 90 2 2 430 60 591 58 52 177
215 1 351 73 3 2 287111 88 470193 73 3 2 100 1 171 85 2 2 7277 84 32865 85 2 2 450 65 729 78 52 477
205 1 349 76 3 2 274011 83 467238 76 3 2 95 1 169 87 2 2 6995 52 32863 87 2 2 427 57 721 75 52 475
138 0 302 85 2 2 184280 0 404152 85 2 2 64 0 147 97 2 2 5332 0 32649 97 2 2 325 0 674 75 0 476
60 0 204 97 2 2 80787 0 273987 97 2 2 29 0 99 108 2 2 3431 0 32235 108 2 2 199 0 589 74 0 477
7 0 65 110 2 2 9757 0 93447 110 2 2 3 0 26 119 2 2 1606 0 31253 119 2 2 98 0 492 54 0 450
7 0 65 111 2 2 9766 0 93446 111 2 2 3 0 26 119 2 2 1615 0 31253 119 2 2 98 0 491 54 0 450
7 0 65 106 2 2 9788 0 93444 106 2 2 3 0 26 113 2 2 1621 0 31253 113 2 2 100 0 490 54 0 450
7 0 65 98 2 2 9891 0 93434 98 2 2 3 0 26 106 2 2 1637 0 31252 106 2 2 157 0 522 60 0 450
7 1 65 88 2 2 9999 52 93424 88 2 2 3 0 26 100 2 2 1655 0 31251 100 2 2 220 52 546 66 0 449
7 1 65 80 2 2 10099 140 93414 80 2 2 3 1 26 89 2 2 1664 52 31250 89 2 2 275 70 560 71 52 449
7 1 65 71 2 2 8802 196 88167 71 2 2 3 1 25 84 2 2 283 85 1371 84 2 2 310 139 368 58 65 71
7 1 65 59 2 2 8883 597 88158 59 2 2 4 1 25 74 2 2 306 88 1384 74 2 2 351 224 367 62 78 65
4 1 44 52 2 2 110838 741 1740559 52 2 2 5 2 44 66 2 2 110284 126 1740586 66 2 2 629 299 2908 329 85 2910
5 2 44 40 2 2 110908 842 1740555 40 2 2 5 2 44 54 2 2 110323 170 1740584 54 2 2 656 351 2904 338 85 2910
5 2 44 28 2 2 110980 883 1740550 28 2 2 5 2 44 44 2 2 110341 177 1740583 44 2 2 697 400 2899 345 85 2909
5 2 43 16 2 2 111080 937 1740544 16 2 2 5 2 43 34 1 1 110350 199 1740582 34 1 1 758 472 2893 351 85 2908
5 2 43 13 1 0 111148 981 1740539 13 1 0 5 2 43 29 1 0 110362 222 1740581 29 1 0 799 523 2886 357 85 2908
5 2 43 11 1 0 111141 971 1740540 11 1 0 5 2 43 25 1 0 110363 222 1740581 25 1 0 792 511 2887 358 85 2908
5 2 43 12 1 0 111134 962 1740540 12 1 0 5 2 43 22 1 0 110363 222 1740581 22 1 0 788 498 2887 359 85 2908
5 2 43 12 1 0 111133 953 1740540 12 1 0 5 2 43 24 1 0 110362 221 1740581 24 1 0 795 500 2887 358 85 2908
5 2 43 12 1 0 111138 957 1740540 12 1 0 5 2 43 20 1 0 110364 221 1740581 20 1 0 792 494 2887 358 85 2908
5 2 43 16 1 0 111102 947 1740542 16 1 0 5 2 43 21 1 0 110348 201 1740582 21 1 0 786 486 2888 358 85 2908
2 2 2 24 1 1 937 879 602 24 1 1 2 2 2 30 1 1 265 199 436 30 1 1 485 436 312 90 85 61
1 2 2 27 3 4 867 819 666 27 3 4 2 2 2 36 2 3 224 170 386 36 2 3 453 410 334 77 85 45
3 2 21 36 3 5 3749 806 31805 36 3 5 2 2 8 43 2 4 1180 170 14753 43 2 4 456 400 512 99 85 396
3 1 21 44 3 5 3662 753 31814 44 3 5 2 2 8 51 3 4 1258 137 14846 51 3 4 398 351 515 105 85 414
3 1 21 45 4 5 3563 533 31823 45 4 5 2 1 8 51 3 5 1235 85 14848 51 3 5 351 215 520 97 76 415
2 1 21 49 4 7 3462 100 31832 49 4 7 2 1 8 53 4 6 1213 52 14849 53 4 6 299 52 517 89 52 416
2 0 21 50 5 8 3357 0 31841 50 5 8 1 0 8 53 5 7 1191 0 14851 53 5 7 238 0 505 80 0 417
2 0 21 59 5 7 3253 0 31850 59 5 7 1 0 8 55 5 7 1180 0 14852 55 5 7 172 0 479 74 0 418
2 0 21 63 5 7 3141 0 31859 63 5 7 1 0 8 60 6 7 1158 0 14854 60 6 7 118 0 454 66 0 418
2 0 21 65 6 7 3060 0 31865 65 6 7 1 0 8 64 6 7 1139 0 14855 64 6 7 75 0 431 58 0 419
2 0 21 58 7 9 3027 0 31867 58 7 9 1 0 8 54 7 9 1112 0 14854 54 7 9 67 0 430 54 0 418
2 0 21 57 7 10 3014 0 31867 57 7 10 1 0 8 51 8 12 1100 0 14854 51 8 12 67 0 430 53 0 418
0 0 1 52 8 10 53 0 310 52 8 10 0 0 1 45 9 12 121 0 1726 45 9 12 21 0 89 24 0 133
0 0 0 49 9 11 26 0 191 49 9 11 0 0 0 42 10 12 22 0 186 42 10 12 14 0 57 10 0 42
0 0 1 45 9 12 417 0 8745 45 9 12 0 0 1 39 11 14 413 0 8745 39 11 14 24 0 255 21 0 252
0 0 1 45 9 12 417 0 8745 45 9 12 0 0 1 40 11 14 413 0 8745 40 11 14 25 0 256 21 0 253
0 0 1 48 9 12 418 0 8745 48 9 12 0 0 1 42 10 14 414 0 8745 42 10 14 25 0 256 22 0 253
0 0 1 45 9 12 412 0 8744 45 9 12 0 0 1 40 11 14 407 0 8744 40 11 14 24 0 256 21 0 253
0 0 1 42 10 12 412 0 8744 42 10 12 0 0 1 38 12 14 405 0 8744 38 12 14 24 0 256 20 0 252
0 0 1 38 11 14 407 0 8744 38 11 14 0 0 1 34 13 15 404 0 8744 34 13 15 21 0 254 19 0 252
0 0 1 37 12 17 407 0 8744 37 12 17 0 0 1 34 13 17 404 0 8744 34 13 17 21 0 254 19 0 252
0 0 1 39 11 16 409 0 8744 39 11 16 0 0 1 37 12 17 406 0 8744 37 12 17 21 0 254 20 0 253
6 0 48 43 10 16 8973 0 65574 43 10 16 3 0 30 41 10 16 647 0 8924 41 10 16 53 0 321 26 0 263
72 0 218 38 10 16 97124 0 291789 38 10 16 32 0 95 35 11 16 2169 0 10075 35 11 16 186 0 499 30 0 263
131 0 276 37 9 15 175163 0 369886 37 9 15 56 0 120 35 10 15 3095 0 6443 35 10 15 308 0 552 24 0 85
131 0 276 42 8 14 175184 0 369876 42 8 14 57 0 120 38 9 15 3117 0 6438 38 9 15 310 0 550 28 0 94
131 0 276 41 8 14 176307 0 370196 41 8 14 57 0 120 40 8 14 4240 0 25771 40 8 14 323 0 621 41 0 315
134 0 276 46 7 13 180552 0 370538 46 7 13 58 0 120 44 7 14 4317 0 25766 44 7 14 349 0 633 47 0 320
134 0 276 47 6 13 180588 0 370521 47 6 13 58 0 120 46 6 13 4489 0 25866 46 6 13 357 0 632 63 0 350
134 0 276 52 6 8 180593 0 370518 52 6 8 58 0 120 51 6 8 4494 0 25865 51 6 8 360 0 631 66 0 352
134 0 276 51 6 9 180593 0 370518 51 6 9 58 0 120 51 6 9 4494 0 25865 51 6 9 360 0 631 66 0 352
134 0 276 53 5 8 180602 0 370514 53 5 8 58 0 120 51 6 9 4503 0 25864 51 6 9 361 0 631 67 0 352
128 0 275 47 6 10 172036 0 368778 47 6 10 54 0 117 44 7 11 4262 0 25838 44 7 11 327 0 616 60 0 345
62 0 194 53 6 10 83888 0 261463 53 6 10 26 0 83 48 7 11 2740 0 25537 48 7 11 196 0 520 56 0 346
3 0 31 60 6 10 5469 0 48680 60 6 10 1 0 11 54 7 10 1459 0 25224 54 7 10 65 0 357 60 0 361
3 0 31 61 6 10 5477 0 48679 61 6 10 1 0 11 55 7 10 1478 0 25229 55 7 10 68 0 359 76 0 468
3 0 31 57 7 11 4354 0 41830 57 7 11 1 0 10 51 8 12 356 0 2754 51 8 12 54 0 198 62 0 360
0 0 2 56 7 11 116 0 543 56 7 11 0 0 2 50 8 12 290 0 2693 50 8 12 30 0 101 60 0 364
1 0 20 57 7 11 38186 0 636111 57 7 11 1 0 20 51 8 12 38230 0 636109 51 8 12 137 0 1882 163 0 1911
1 0 21 54 7 11 40166 0 637536 54 7 11 1 0 21 48 9 12 40209 0 637534 48 9 12 155 0 1938 181 0 1966
1 0 21 55 7 12 40166 0 637536 55 7 12 1 0 21 50 8 13 40209 0 637533 50 8 13 155 0 1938 181 0 1966
1 0 21 55 7 12 40171 0 637536 55 7 12 1 0 21 52 8 13 40208 0 637534 52 8 13 158 0 1938 183 0 1966
1 0 21 56 7 11 40171 0 637536 56 7 11 1 0 21 52 8 12 40209 0 637534 52 8 12 158 0 1938 183 0 1966
2 0 21 57 7 12 40212 0 637533 57 7 12 2 0 21 55 7 12 40368 0 637527 55 7 12 164 0 1938 192 0 1966
3 0 22 53 7 12 40714 0 637512 53 7 12 4 0 24 52 7 12 43448 0 637582 52 7 12 179 0 1939 246 0 1979
7 0 33 51 7 11 41345 0 637485 51 7 11 9 0 37 53 6 11 57131 0 642870 53 6 11 192 0 1939 347 0 2031
7 0 33 57 5 10 41564 0 637472 57 5 10 9 0 37 56 5 10 57599 0 642848 56 5 10 215 0 1942 404 0 2070
7 0 33 54 5 10 41672 0 637466 54 5 10 9 0 37 55 5 10 58196 0 642810 55 5 10 232 0 1943 482 0 2120
6 0 26 53 5 11 3645 0 44624 53 5 11 8 0 31 54 5 11 20113 0 100456 54 5 11 125 0 517 372 0 1025
6 0 26 59 5 7 1777 0 5687 59 5 7 8 0 31 59 5 7 18238 0 90527 59 5 7 125 0 260 371 0 925
6 0 26 62 4 6 1777 0 5687 62 4 6 8 0 31 60 4 7 18239 0 90527 60 4 7 125 0 260 372 0 925
6 0 26 58 5 7 3304 0 34712 58 5 7 8 0 31 57 5 7 19771 0 96526 57 5 7 145 0 556 393 0 1043
6 0 26 59 5 6 3304 0 34712 59 5 6 8 0 31 58 5 6 19771 0 96526 58 5 6 145 0 556 393 0 1043
6 0 26 59 5 6 3262 0 34714 59 5 6 8 0 31 57 5 6 19612 0 96536 57 5 6 139 0 554 384 0 1044
5 0 25 60 5 6 2750 0 34553 60 5 6 5 0 29 58 6 6 16498 0 95408 58 6 6 122 0 552 322 0 1024
1 0 4 61 6 6 2092 0 34358 61 6 6 1 0 4 55 6 7 2776 0 34926 55 6 7 102 0 546 201 0 865
0 0 3 56 7 7 1873 0 34339 56 7 7 0 0 3 53 7 8 2306 0 34600 53 7 8 79 0 532 143 0 752
0 0 3 51 8 8 1754 0 34337 51 8 8 0 0 3 45 9 10 1694 0 34338 45 9 10 59 0 522 60 0 548
0 0 3 51 8 8 1782 0 34330 51 8 8 0 0 4 44 9 11 1919 0 34386 44 9 11 61 0 518 71 0 541
1 0 4 48 8 9 1717 0 34328 48 8 9 1 0 5 42 10 12 2192 0 34649 42 10 12 44 0 502 67 0 531
1 0 4 46 9 10 1756 0 34329 46 9 10 1 0 5 42 10 12 2218 0 34649 42 10 12 46 0 503 69 0 531
1 0 6 48 8 9 315 0 1178 48 8 9 2 0 8 46 8 11 5686 0 46036 46 8 11 33 0 106 179 0 868
1 0 6 47 8 10 317 0 1179 47 8 10 2 0 8 45 9 12 5685 0 46036 45 9 12 34 0 110 179 0 868
2 0 6 44 9 10 671 0 7874 44 9 10 2 0 8 43 9 12 6037 0 46650 43 9 12 46 0 251 189 0 894
3 0 11 44 8 10 1090 0 9119 44 8 10 4 0 14 43 9 12 11338 0 59757 43 9 12 56 0 258 272 0 1014
4 0 12 41 8 10 1595 0 9684 41 8 10 6 0 19 44 7 12 16639 0 71327 44 7 12 99 0 307 398 0 1105
5 0 12 43 7 9 1633 0 9681 43 7 9 6 0 19 46 7 10 18029 0 71556 46 7 10 103 0 308 460 0 1140
5 0 12 45 7 8 1644 0 9680 45 7 8 6 0 19 51 6 7 18078 0 71550 51 6 7 108 0 313 467 0 1141
4 0 12 46 7 9 1542 0 9663 46 7 9 6 0 19 55 6 7 17829 0 71582 55 6 7 100 0 309 448 0 1140
4 0 12 44 7 9 1495 0 9656 44 7 9 6 0 18 53 6 8 17447 0 71532 53 6 8 97 0 310 433 0 1139
8 0 55 47 7 8 7406 0 73146 47 7 8 7 0 27 54 6 8 17540 0 71518 54 6 8 113 0 335 436 0 1139
7 0 55 48 7 8 7305 0 73154 48 7 8 6 0 26 52 6 8 12531 0 56026 52 6 8 104 0 331 303 0 805
8 0 55 55 6 8 7334 0 73151 55 6 8 6 0 26 58 5 8 12608 0 56019 58 5 8 110 0 333 315 0 811
8 0 55 59 5 7 7008 0 72766 59 5 7 6 0 26 60 5 7 12427 0 55557 60 5 7 101 0 248 321 0 795
6 0 54 60 5 7 6588 0 72655 60 5 7 5 0 24 62 5 7 7125 0 41273 62 5 7 91 0 243 238 0 641
5 0 54 66 5 7 6726 0 73424 66 5 7 3 0 20 63 6 7 2469 0 14469 63 6 7 80 0 507 145 0 627
5 0 54 65 6 8 6689 0 73427 65 6 8 2 0 20 62 6 8 1079 0 11551 62 6 8 75 0 505 83 0 525
5 0 54 68 5 8 6695 0 73426 68 5 8 2 0 20 62 6 8 1042 0 11517 62 6 8 74 0 503 79 0 516
5 0 54 63 6 8 6705 0 73426 63 6 8 2 0 20 56 7 8 1052 0 11517 56 7 8 75 0 503 82 0 518
5 0 54 69 5 7 6714 0 73425 69 5 7 2 0 20 61 6 7 1062 0 11517 61 6 7 76 0 503 84 0 519
0 0 2 66 6 7 765 0 11220 66 6 7 0 0 2 58 7 7 944 0 11468 58 7 7 57 0 484 79 0 516
0 0 2 66 6 7 765 0 11220 66 6 7 0 0 2 57 7 7 942 0 11468 57 7 7 57 0 484 77 0 516
0 0 2 61 6 7 749 0 11221 61 6 7 0 0 2 51 8 8 964 0 11491 51 8 8 52 0 482 72 0 507
0 0 2 61 6 7 735 0 11219 61 6 7 0 0 2 51 8 8 841 0 11332 51 8 8 50 0 481 58 0 482
1 0 4 62 6 7 898 0 11288 62 6 7 1 0 8 50 8 8 2719 0 22236 50 8 8 62 0 489 91 0 547
1 0 6 60 6 7 378 0 1887 60 6 7 2 0 12 52 7 8 4738 0 35798 52 7 8 38 0 133 93 0 424
9 0 124 65 5 6 64685 0 1358770 65 5 6 8 0 118 58 6 6 65681 0 1355912 58 6 6 92 0 581 177 0 999
20 0 210 78 4 5 191873 0 2473737 78 4 5 19 0 207 72 4 6 192726 0 2472172 72 4 6 415 0 2233 531 0 2539
20 0 210 80 4 5 192911 0 2473756 80 4 5 19 0 207 75 4 5 193766 0 2472192 75 4 5 436 0 2266 550 0 2568
20 0 210 82 4 5 192922 0 2473756 82 4 5 19 0 207 74 4 6 193817 0 2472188 74 4 6 441 0 2266 562 0 2569
20 0 210 86 3 4 192933 0 2473755 86 3 4 19 0 207 77 4 5 193824 0 2472187 77 4 5 444 0 2266 564 0 2568
20 0 210 84 4 5 192932 0 2473755 84 4 5 19 0 207 77 4 5 193824 0 2472187 77 4 5 443 0 2266 564 0 2568
20 0 210 91 3 5 192938 0 2473754 91 3 5 19 0 207 85 4 5 193756 0 2472192 85 4 5 444 0 2266 562 0 2568
20 0 210 87 3 5 192924 0 2473755 87 3 5 19 0 207 82 4 5 193708 0 2472196 82 4 5 443 0 2266 560 0 2569
19 0 210 89 3 5 192767 0 2473767 89 3 5 18 0 207 83 4 5 191834 0 2472267 83 4 5 433 0 2266 528 0 2561
19 0 210 85 4 5 192639 0 2473777 85 4 5 17 0 207 78 4 6 189166 0 2472284 78 4 6 425 0 2266 493 0 2548
11 0 171 84 4 6 128335 0 2071177 84 4 6 11 0 171 74 5 6 128225 0 2071237 74 5 6 372 0 2203 410 0 2393
0 0 2 70 5 6 1128 0 22279 70 5 6 0 0 2 60 7 7 1169 0 22298 60 7 7 46 0 418 54 0 439
0 0 1 70 5 6 102 0 462 70 5 6 0 0 1 60 7 6 146 0 1093 60 7 6 28 0 96 34 0 157
0 0 1 63 6 6 78 0 404 63 6 6 0 0 1 55 7 7 83 0 493 55 7 7 20 0 74 20 0 82
0 0 2 61 6 6 1242 0 22462 61 6 6 0 0 2 53 8 6 1249 0 22457 53 8 6 48 0 478 49 0 489
0 0 2 61 6 6 1243 0 22462 61 6 6 0 0 2 52 8 7 1250 0 22457 52 8 7 49 0 478 50 0 489
0 0 2 54 7 6 1227 0 22461 54 7 6 0 0 2 48 9 7 1311 0 22496 48 9 7 47 0 478 50 0 491
0 0 3 54 7 6 1307 0 22463 54 7 6 1 0 9 52 8 6 2743 0 24739 52 8 6 55 0 479 84 0 519
6 0 27 49 7 6 2026 0 22684 49 7 6 9 0 43 48 8 7 14342 0 65900 48 8 7 71 0 488 203 0 789
6 0 27 56 6 6 2076 0 22683 56 6 6 10 0 43 56 6 6 14882 0 66053 56 6 6 81 0 493 229 0 806
7 0 27 59 5 5 2092 0 22682 59 5 5 10 0 43 63 5 6 15129 0 66044 63 5 6 85 0 493 257 0 824
7 0 27 66 4 5 2114 0 22680 66 4 5 10 0 43 70 4 5 15510 0 66019 70 4 5 89 0 493 300 0 853
7 0 27 70 4 5 2109 0 22680 70 4 5 11 0 43 74 4 5 15837 0 66045 74 4 5 87 0 491 317 0 862
7 0 27 75 3 4 2127 0 22679 75 3 4 11 0 43 79 3 4 16156 0 66034 79 3 4 90 0 491 340 0 872
7 0 27 80 3 3 983 0 3461 80 3 3 11 0 43 84 3 3 15298 0 62362 84 3 3 65 0 140 335 0 748
8 0 27 89 2 2 1001 0 3458 89 2 2 11 0 43 92 2 2 15716 0 62372 92 2 2 67 0 140 363 0 763
8 1 27 95 2 1 2214 52 26340 95 2 1 12 0 43 97 2 2 17265 0 67428 97 2 2 87 52 423 399 0 862
8 0 27 99 2 1 2159 0 26341 99 2 1 11 0 43 97 2 1 16510 0 67396 97 2 1 81 0 422 390 0 867
2 0 6 108 2 1 1452 0 26153 108 2 1 3 0 10 104 2 1 5245 0 29478 104 2 1 67 0 413 295 0 683
2 0 6 107 2 1 1444 0 26154 107 2 1 3 0 9 104 2 1 5068 0 29056 104 2 1 65 0 410 299 0 687
2 0 6 107 2 1 1452 0 26154 107 2 1 3 0 9 103 2 2 5152 0 29113 103 2 2 64 0 410 293 0 680
2 0 6 103 2 2 1443 0 26155 103 2 2 3 0 9 99 3 2 4884 0 29071 99 3 2 61 0 410 257 0 647
2 0 6 101 3 3 1425 0 26155 101 3 3 3 0 9 98 3 3 4529 0 28891 98 3 3 60 0 410 237 0 633
2 0 6 99 3 3 1445 0 26157 99 3 3 2 0 9 99 3 3 4242 0 28786 99 3 3 61 0 412 217 0 615
2 0 6 95 3 3 1414 0 26158 95 3 3 2 0 9 96 3 3 3930 0 28705 96 3 3 57 0 411 192 0 598
1 0 5 84 4 4 1396 0 26159 84 4 4 2 0 8 86 4 4 3512 0 28510 86 4 4 53 0 411 163 0 570
1 0 4 83 4 4 192 0 708 83 4 4 1 0 7 83 4 4 1886 0 10596 83 4 4 34 0 93 125 0 379
1 0 3 74 5 6 163 0 660 74 5 6 1 0 4 74 5 6 1207 0 5703 74 5 6 31 0 92 99 0 338
1 0 4 65 6 7 1419 0 23004 65 6 7 1 0 4 67 5 7 2143 0 23441 67 5 7 57 0 492 105 0 562
0 0 4 61 6 8 1383 0 23004 61 6 8 0 0 4 63 6 8 1790 0 23268 63 6 8 51 0 489 81 0 532
0 0 3 59 7 8 1359 0 23004 59 7 8 0 0 3 60 7 8 1461 0 23067 60 7 8 49 0 489 60 0 508
0 0 3 55 7 8 1345 0 23005 55 7 8 0 0 3 57 7 8 1346 0 23002 57 7 8 48 0 489 52 0 499
0 0 3 53 8 9 1354 0 23005 53 8 9 0 0 3 54 8 9 1362 0 23003 54 8 9 47 0 489 52 0 499
0 0 3 50 8 10 1325 0 23004 50 8 10 0 0 3 49 8 9 1339 0 23002 49 8 9 44 0 488 50 0 499
0 0 3 50 8 10 1326 0 23004 50 8 10 0 0 3 49 9 9 1335 0 23002 49 9 9 44 0 488 49 0 498
0 0 3 53 8 9 1348 0 23005 53 8 9 0 0 3 50 8 9 1390 0 23021 50 8 9 46 0 488 52 0 500
0 0 3 50 8 10 1343 0 23005 50 8 10 0 0 3 46 9 9 1386 0 23020 46 9 9 46 0 488 51 0 500
1 0 6 56 7 8 1440 0 23005 56 7 8 1 0 7 54 7 7 3899 0 41660 54 7 7 62 0 497 100 0 651
7 0 27 54 6 8 3690 0 24799 54 6 8 8 0 30 52 7 7 30424 0 120836 52 7 7 58 0 176 381 0 1248
8 0 27 48 6 8 4267 0 24829 48 6 8 9 0 30 45 7 7 31285 0 120651 45 7 7 99 0 230 446 0 1246
11 0 38 42 6 8 72626 0 1093332 42 6 8 13 0 40 42 7 7 99280 0 1097950 42 7 7 389 0 2711 710 0 2954
14 1 38 39 6 6 74695 52 1093213 39 6 6 16 1 40 40 6 6 100146 46 1097878 40 6 6 484 52 2713 746 40 2949
14 2 38 43 5 5 75441 192 1093171 43 5 5 17 2 40 41 5 6 100198 150 1097873 41 5 6 515 59 2713 752 68 2948
29 5 71 45 4 4 94777 522 1095104 45 4 4 24 4 49 43 4 5 100662 1125 1097832 43 4 5 592 88 2716 761 83 2946
47 8 104 43 3 4 119254 1367 1098703 43 3 4 34 7 62 41 3 5 101178 1928 1097788 41 3 5 664 159 2716 767 85 2945
47 7 104 50 2 3 119260 1425 1098702 50 2 3 34 7 62 49 2 3 101144 1928 1097790 49 2 3 669 191 2715 768 85 2945
47 7 104 55 2 1 119256 1409 1098703 55 2 1 34 7 62 57 2 1 101139 1893 1097791 57 2 1 670 191 2715 768 85 2944
47 6 104 58 2 1 119164 859 1098713 58 2 1 33 6 62 58 2 1 98630 1592 1097464 58 2 1 658 134 2716 722 81 2925
41 2 103 69 2 1 115667 255 1098801 69 2 1 26 2 58 65 2 1 70873 271 1093081 65 2 1 636 106 2718 414 60 2720
40 1 104 81 2 1 115120 188 1098855 81 2 1 25 1 58 78 2 1 70057 104 1093129 78 2 1 604 89 2721 356 53 2720
39 1 108 94 2 1 50021 92 145647 94 2 1 21 1 53 90 2 1 2102 84 4581 90 2 1 332 70 484 95 52 203
40 1 118 105 2 1 53032 68 158498 105 2 1 21 1 56 99 2 1 1490 52 3793 99 2 1 258 52 448 74 52 176
40 1 118 100 2 1 55302 85 170522 100 2 1 21 1 57 96 2 1 4661 52 65793 96 2 1 265 52 743 115 52 608
28 1 104 95 2 1 36616 88 152705 95 2 1 18 1 54 91 2 1 12302 52 81247 91 2 1 202 60 698 195 52 720
11 1 65 103 2 1 12369 85 106655 103 2 1 10 1 36 100 2 1 14581 52 87611 100 2 1 148 52 655 230 52 809
11 1 65 104 2 1 12370 85 106655 104 2 1 10 1 36 101 2 1 14577 52 87612 101 2 1 148 52 655 230 52 809
11 1 65 107 2 1 12487 88 106651 107 2 1 10 1 36 105 2 1 14707 52 87624 105 2 1 156 60 658 236 52 811
12 1 65 105 1 1 12735 96 106667 105 1 1 11 1 36 104 2 1 16784 84 90017 104 2 1 165 62 660 284 52 880
12 1 65 105 1 1 12795 133 106662 105 1 1 11 1 36 110 1 1 17381 92 90172 110 1 1 173 68 663 329 54 965
12 1 65 104 1 1 12774 104 106664 104 1 1 11 1 36 110 1 1 17365 84 90173 110 1 1 168 61 663 330 52 967
10 1 51 100 1 1 9763 106 91956 100 1 1 11 1 36 105 1 1 18098 92 90483 105 1 1 165 63 658 357 54 992
6 1 18 103 1 1 4696 104 65319 103 1 1 9 1 29 106 2 1 18155 84 90511 106 2 1 151 61 650 377 53 1043
5 1 17 107 2 1 1679 88 7850 107 2 1 8 1 29 110 2 1 15120 52 62994 110 2 1 118 58 217 356 52 926
3 1 10 119 2 1 1029 52 4525 119 2 1 3 1 11 124 2 1 7012 52 41730 124 2 1 107 52 214 268 52 856
2 0 7 118 2 1 803 0 4077 118 2 1 2 0 8 123 2 2 4221 0 25124 123 2 2 91 0 181 228 0 776
2 0 7 114 2 2 1142 0 8953 114 2 2 2 0 8 119 2 2 4663 0 26388 119 2 2 95 0 254 239 0 800
2 0 7 111 2 2 1085 0 8869 111 2 2 2 0 8 114 2 2 4932 0 26907 114 2 2 93 0 248 259 0 847
1 0 4 111 2 2 897 0 8358 111 2 2 1 0 4 112 2 2 2883 0 15801 112 2 2 91 0 250 216 0 773
1 0 4 111 2 2 824 0 8330 111 2 2 1 0 4 111 2 2 2253 0 14289 111 2 2 84 0 239 169 0 656
1 0 4 112 2 2 844 0 8334 112 2 2 1 0 4 109 2 2 2246 0 14286 109 2 2 86 0 241 162 0 646
1 0 3 114 2 2 599 0 8054 114 2 2 1 0 3 111 2 2 1473 0 11174 111 2 2 74 0 225 131 0 597
1 0 3 113 2 2 594 0 8054 113 2 2 1 0 3 116 2 2 1167 0 10632 116 2 2 70 0 224 100 0 486
1 0 3 108 2 2 586 0 8053 108 2 2 1 0 3 113 2 2 967 0 10221 113 2 2 67 0 222 74 0 370
1 0 3 109 2 2 592 0 8053 109 2 2 1 0 3 115 2 2 971 0 10221 115 2 2 69 0 222 74 0 370
1 0 3 113 2 2 591 0 8053 113 2 2 1 0 3 119 2 2 974 0 10221 119 2 2 69 0 223 76 0 371
1 0 2 117 2 1 239 0 948 117 2 1 1 0 2 122 2 1 529 0 6008 122 2 1 64 0 130 64 0 308
1 0 2 116 2 1 262 0 1014 116 2 1 1 0 2 124 2 1 146 0 459 124 2 1 71 0 150 42 0 79
1 0 2 109 2 1 1168 0 13612 109 2 1 1 0 3 120 2 1 1045 0 13552 120 2 1 131 0 494 78 0 473
1 1 2 95 2 2 1270 52 13608 95 2 2 1 1 3 106 2 1 1061 52 13551 106 2 1 182 52 516 84 52 473
1 1 2 83 2 2 1355 104 13603 83 2 2 1 1 3 96 2 1 1064 84 13551 96 2 1 234 81 533 87 52 472
13 1 71 72 2 2 16563 192 95787 72 2 2 7 1 33 84 2 2 1408 85 13663 84 2 2 302 104 566 95 68 473
61 2 165 61 2 1 81342 538 221097 61 2 1 31 2 82 70 2 1 2696 167 14161 70 2 1 432 212 634 98 67 472
126 2 248 55 2 1 168017 889 332459 55 2 1 60 2 122 61 1 1 4275 221 14856 61 1 1 559 370 670 101 56 472
132 2 252 41 2 1 176186 1030 337478 41 2 1 62 3 123 44 1 1 4421 251 14866 44 1 1 610 441 660 107 72 471
133 3 252 28 2 1 176281 1101 337429 28 2 1 63 3 122 31 1 1 4440 282 14861 31 1 1 650 505 641 113 84 470
133 3 252 14 1 1 176387 1198 337373 14 1 1 63 3 122 21 1 0 4458 294 14855 21 1 0 704 608 615 119 85 470
133 3 252 4 1 0 176464 1288 337332 4 1 0 63 3 122 10 1 0 4479 327 14849 10 1 0 738 624 592 122 85 468
133 3 252 5 1 0 175660 1320 337477 5 1 0 63 3 122 9 1 0 3795 327 7493 9 1 0 710 619 419 95 85 115
136 3 254 7 1 0 279833 1331 1513243 7 1 0 66 3 129 13 1 0 107989 327 1487236 13 1 0 945 631 2804 333 85 2794
136 3 254 7 1 0 280453 1339 1513170 7 1 0 66 3 129 14 1 0 108646 327 1487230 14 1 0 956 599 2821 361 85 2817
125 3 250 8 1 0 265351 1295 1512833 8 1 0 61 3 127 18 1 0 108333 304 1487252 18 1 0 942 595 2820 359 85 2817
76 2 215 9 1 0 200678 1131 1507565 9 1 0 37 3 109 23 1 0 107062 263 1487338 23 1 0 868 548 2820 362 85 2817
12 2 73 10 1 0 114095 1057 1488875 10 1 0 8 3 50 27 1 0 105566 242 1487434 27 1 0 784 489 2819 368 85 2817
6 2 45 11 1 0 105997 1023 1487399 11 1 0 6 3 45 27 1 0 105450 242 1487442 27 1 0 762 473 2820 369 87 2817
6 2 45 12 1 0 105975 1011 1487401 12 1 0 6 3 45 27 1 0 105446 242 1487442 27 1 0 755 464 2821 368 87 2817
6 2 45 12 1 0 105919 972 1487405 12 1 0 6 3 45 30 1 0 105441 242 1487443 30 1 0 730 429 2823 367 87 2817
5 2 45 14 1 0 105860 940 1487409 14 1 0 6 2 45 34 1 0 105421 242 1487444 34 1 0 735 447 2823 367 86 2817
5 2 45 13 1 0 105788 911 1487414 13 1 0 5 2 45 35 1 0 105204 242 1487455 35 1 0 743 462 2823 360 85 2816
2 2 2 13 1 0 1579 881 11232 13 1 0 2 2 2 33 1 0 1007 242 11275 33 1 0 495 447 431 122 85 381
2 2 1 13 1 0 921 841 624 13 1 0 2 2 2 34 1 0 352 234 1229 34 1 0 460 418 279 94 85 64
2 2 1 11 1 0 895 807 650 11 1 0 2 2 2 31 1 0 345 227 1199 31 1 0 443 399 277 95 85 61
2 2 5 11 1 0 4350 791 67504 11 1 0 3 2 6 28 1 0 4249 242 67711 28 1 0 464 342 861 166 87 867
4 2 9 10 1 0 4522 819 67504 10 1 0 5 3 14 24 1 0 9233 242 76364 24 1 0 441 311 861 246 87 998
4 2 9 12 1 0 4512 811 67505 12 1 0 5 3 14 29 1 0 9576 242 76534 29 1 0 434 296 862 255 87 1012
5 2 26 10 1 0 6521 795 75135 10 1 0 6 3 15 39 1 0 9631 242 76529 39 1 0 429 283 863 258 87 1013
6 2 26 9 1 0 6566 829 75133 9 1 0 6 3 15 38 1 0 9871 246 76543 38 1 0 433 288 864 271 88 1019
6 2 26 8 1 0 6653 859 75128 8 1 0 7 3 16 34 1 0 11360 261 77975 34 1 0 428 278 865 310 88 1069
7 2 27 9 1 0 6815 902 75122 9 1 0 10 3 26 33 1 0 15433 284 82982 33 1 0 420 272 864 361 91 1121
7 2 27 7 1 0 6874 917 75121 7 1 0 10 3 26 30 1 0 15480 284 82979 30 1 0 426 275 865 363 90 1122
7 2 27 7 1 0 6850 900 75123 7 1 0 10 3 26 30 1 0 15465 284 82982 30 1 0 418 260 864 362 89 1122
7 2 27 9 1 0 6845 900 75123 9 1 0 10 3 26 29 1 0 15459 268 82983 29 1 0 420 260 866 362 88 1122
7 2 27 9 1 0 3372 855 33233 9 1 0 9 3 25 29 1 0 11563 242 48889 29 1 0 380 274 284 291 87 733
5 2 26 9 1 0 3182 793 33228 9 1 0 6 2 22 30 1 0 6515 242 34150 30 1 0 400 295 288 209 85 548
12 2 65 8 1 0 13116 850 88877 8 1 0 9 3 32 29 1 0 7274 242 36914 29 1 0 471 338 578 229 85 723
11 2 61 10 1 0 11148 905 82682 10 1 0 9 2 31 19 1 0 7232 242 36920 19 1 0 491 374 577 229 85 723
10 2 61 12 1 0 11129 905 82684 12 1 0 8 2 31 15 1 0 7035 242 36874 15 1 0 494 374 577 221 85 716
10 2 61 13 1 0 10991 785 82699 13 1 0 8 2 31 19 1 0 5545 230 33549 19 1 0 472 351 574 182 85 633
9 2 60 12 1 0 10793 701 82718 12 1 0 5 2 23 18 1 0 1477 211 15460 18 1 0 456 319 572 130 85 517
9 2 60 13 1 0 10762 709 82718 13 1 0 5 2 23 21 1 0 1431 221 15433 21 1 0 461 325 572 128 85 515
9 2 60 12 1 0 10839 787 82709 12 1 0 5 2 24 19 1 0 2513 239 18322 19 1 0 479 376 573 175 85 667
9 2 60 11 1 0 10860 816 82706 11 1 0 5 2 24 21 1 0 2514 242 18322 21 1 0 491 390 573 175 85 667
9 2 60 10 1 0 10893 873 82702 10 1 0 5 2 24 19 1 0 2529 242 18322 19 1 0 513 419 573 177 85 667
9 2 60 11 1 0 10917 910 82700 11 1 0 5 2 24 22 1 0 2526 235 18322 22 1 0 528 436 574 176 85 667
2 2 2 9 1 0 1029 912 748 9 1 0 3 2 3 20 1 0 1416 221 10034 20 1 0 492 442 295 147 87 436
2 2 2 10 1 0 1024 917 712 10 1 0 3 2 3 22 1 0 1401 221 10035 22 1 0 499 467 296 144 87 434
2 2 2 9 1 0 1035 930 693 9 1 0 2 2 3 24 1 0 1357 221 10011 24 1 0 517 496 299 139 86 429
2 2 3 8 1 0 1471 969 8778 8 1 0 3 2 3 22 1 0 1763 231 13262 22 1 0 545 524 379 154 86 501
2 2 2 8 1 0 1476 969 8775 8 1 0 3 2 3 24 1 0 1751 225 13262 24 1 0 552 530 378 153 86 501
2 2 2 9 1 0 1480 970 8775 9 1 0 3 2 3 26 1 0 1749 204 13262 26 1 0 559 558 377 153 85 501
2 2 2 9 1 0 1430 933 8776 9 1 0 2 2 2 29 1 0 674 199 8760 29 1 0 555 536 374 105 85 265
2 2 2 8 1 0 1425 933 8775 8 1 0 2 2 2 29 1 0 675 199 8760 29 1 0 555 536 374 105 85 265
2 2 4 8 1 0 1605 915 9974 8 1 0 2 2 3 32 1 0 675 199 8759 32 1 0 534 518 372 104 85 264
2 2 4 7 1 0 1608 926 9974 7 1 0 2 2 3 32 1 0 673 199 8759 32 1 0 539 522 372 104 85 264
2 2 4 9 1 0 1604 933 9973 9 1 0 2 2 2 33 1 0 666 199 8757 33 1 0 540 520 374 104 85 264
2 2 4 6 1 0 1625 934 9975 6 1 0 2 2 3 31 1 0 801 201 8980 31 1 0 540 512 373 108 85 270
2 2 4 6 1 0 1683 955 9977 6 1 0 3 2 4 28 1 0 861 231 9036 28 1 0 534 484 371 109 85 271
2 2 4 8 1 0 1349 978 4822 8 1 0 3 2 7 28 1 0 1270 242 7638 28 1 0 511 468 286 114 87 144
7 2 55 11 1 0 135382 1031 1888744 11 1 0 9 2 55 27 1 0 137751 242 1888683 27 1 0 749 478 2713 407 87 2855
7 2 55 10 1 0 135976 1013 1888735 10 1 0 9 2 55 26 1 0 138405 242 1888668 26 1 0 766 470 2738 436 87 2880
7 2 55 11 1 0 135991 1017 1888734 11 1 0 9 3 55 26 1 0 138407 242 1888668 26 1 0 767 470 2738 436 87 2880
7 2 55 13 1 0 135986 1002 1888735 13 1 0 9 2 55 27 1 0 138405 242 1888668 27 1 0 764 468 2738 435 87 2880
7 2 54 14 1 0 135762 997 1888745 14 1 0 9 2 55 28 1 0 138380 242 1888670 28 1 0 770 475 2738 433 85 2881
7 2 54 14 1 0 135725 962 1888747 14 1 0 9 2 55 26 1 0 138389 242 1888669 26 1 0 743 441 2740 434 87 2880
7 2 54 17 1 0 135704 947 1888749 17 1 0 9 2 55 31 1 0 138391 242 1888669 31 1 0 726 424 2741 433 85 2881
7 2 54 17 1 0 135668 925 1888751 17 1 0 8 2 55 31 1 0 138258 242 1888678 31 1 0 721 419 2741 430 85 2880
7 2 54 17 1 0 135665 925 1888751 17 1 0 8 2 55 31 1 0 138214 242 1888681 31 1 0 715 419 2741 428 85 2880
7 2 54 14 1 0 135636 926 1888753 14 1 0 8 2 55 29 1 0 137413 222 1888725 29 1 0 737 441 2740 410 85 2880
2 2 2 11 1 0 1633 915 11212 11 1 0 2 2 2 29 1 0 940 199 11234 29 1 0 513 445 471 119 85 403
2 2 2 10 1 0 1041 920 702 10 1 0 2 2 2 27 1 0 306 199 447 27 1 0 484 441 272 92 85 40
2 2 2 10 1 0 1041 925 688 10 1 0 2 2 2 28 1 0 296 199 432 28 1 0 498 444 281 91 85 38
3 2 10 10 1 0 2915 961 19899 10 1 0 3 2 6 25 1 0 1196 199 13534 25 1 0 525 451 426 118 85 380
3 2 10 10 1 0 2971 989 19896 10 1 0 3 2 6 22 1 0 1267 222 13563 22 1 0 530 457 425 127 86 388
3 2 10 12 1 0 2991 1003 19893 12 1 0 3 2 6 21 1 0 1259 230 13562 21 1 0 542 471 425 127 85 387
